301 1 0.55872 0
302 1 0.53620 0
303 1 0.51460 0
304 1 0.52882 0
305 1 0.52109 0
306 1 0.52357 0
307 1 0.51097 0
308 1 0.52643 0
309 1 0.52909 0
310 1 0.52781 0
311 5 0.53463 0
312 2 0.54449 0
313 2 0.54512 0
314 2 0.54990 0
315 2 0.55890 0
316 5 0.55156 0
317 2 0.54888 0
318 2 0.53897 0
319 2 0.55239 0
320 5 0.54794 0
321 5 0.51616 0
322 5 0.52447 0
323 5 0.52327 0
324 2 0.54285 0
325 2 0.53042 0
326 2 0.55634 0
327 2 0.56016 0
328 1 0.57377 0
329 2 0.57037 0
330 5 0.56914 0
331 3 0.57692 0
332 30 0.52799 0
333 30 0.53494 0
334 28 0.55933 0
335 3 0.61340 0
336 3 0.61732 0
337 3 0.60860 0
338 28 0.56038 0
339 30 0.61713 0
340 31 0.54731 0
341 36 0.47495 0
342 40 0.48170 0
343 37 0.48334 0
344 37 0.48161 0
345 37 0.49867 0
346 39 0.49241 0
347 39 0.48985 0
348 39 0.51197 0
349 39 0.52066 0
350 39 0.51968 0
351 50 0.47901 0
352 50 0.46886 0
353 50 0.45950 0
354 50 0.45920 0
355 50 0.46287 0
356 50 0.46864 0
357 50 0.45556 0
358 46 0.45436 0
359 46 0.46790 0
360 46 0.46440 0
361 46 0.47839 0
362 43 0.46324 0
363 43 0.46447 0
364 43 0.48036 0
365 40 0.49169 0
366 44 0.49389 0
367 43 0.50085 0
368 43 0.55023 0
369 44 0.62580 0
370 41 0.67221 0
371 41 0.68107 0
372 39 0.67857 0
373 41 0.66540 0
374 39 0.68073 0
375 39 0.66545 0
376 39 0.65503 0
377 39 0.66638 0
378 39 0.62110 0
379 37 0.63772 0
380 36 0.52653 0
381 37 0.51511 0
382 44 0.60210 0
383 44 0.59177 0
384 37 0.47557 0
385 44 0.54394 0
386 44 0.54643 0
387 44 0.53956 0
388 44 0.54647 0
389 37 0.45349 0
390 37 0.45218 0
391 37 0.44066 0
392 37 0.44903 0
393 36 0.47214 0
394 36 0.47642 0
395 36 0.47103 0
396 37 0.48487 0
397 33 0.47466 0
398 36 0.47694 0
399 34 0.49844 0
400 36 0.49791 0
401 32 0.47792 0
402 36 0.50860 0
403 36 0.53745 0
404 61 0.56501 0
405 95 0.51134 0
406 94 0.51509 0
407 99 0.52124 0
408 71 0.51942 0
409 77 0.48982 0
410 77 0.48451 0
411 100 0.51508 0
412 100 0.50956 0
413 104 0.51786 0
414 90 0.47223 0
415 77 0.41656 0
416 100 0.50367 0
417 77 0.42608 0
418 103 0.55192 0
419 90 0.43830 0
420 90 0.55080 0
421 90 0.54183 0
422 104 0.53850 0
423 105 0.52402 0
424 102 0.52283 0
425 98 0.52590 0
426 103 0.51618 0
427 103 0.49436 0
428 65 0.48505 0
429 65 0.47173 0
430 61 0.46703 0
431 44 0.46589 0
432 65 0.45083 0
433 44 0.45132 0
434 65 0.43908 0
435 43 0.44472 0
436 60 0.43768 0
437 61 0.43282 0
438 64 0.42971 0
439 61 0.41442 0
440 67 0.36541 0
441 64 0.43048 0
442 66 0.40623 0
443 64 0.38077 0
444 64 0.40489 0
445 65 0.40090 0
446 46 0.43321 0
447 43 0.45886 0
448 43 0.41469 0
449 43 0.39523 0
450 43 0.37824 0
451 46 0.38257 0
452 46 0.39945 0
453 46 0.40014 0
454 50 0.39977 0
455 47 0.40669 0
456 50 0.39948 0
457 50 0.37998 0
458 52 0.39956 0
459 51 0.41272 0
460 51 0.41006 0
461 47 0.38977 0
462 47 0.41761 0
463 47 0.39349 0
464 94 0.37347 0
465 94 0.36540 0
466 95 0.40021 0
467 50 0.39163 0
468 95 0.40616 0
469 102 0.44917 0
470 100 0.44248 0
471 101 0.43270 0
472 101 0.40939 0
473 171 0.43116 0
474 101 0.40633 0
475 65 0.36214 0
476 170 0.43715 0
477 170 0.42068 0
478 156 0.40218 0
479 171 0.42390 0
480 154 0.45137 0
481 175 0.43893 0
482 175 0.44306 0
483 173 0.42303 0
484 173 0.40379 0
485 177 0.43437 0
486 66 0.41444 0
487 177 0.41618 0
488 177 0.40606 0
489 177 0.40966 0
490 180 0.42731 0
491 107 0.51192 0
492 119 0.50296 0
493 118 0.45884 0
494 124 0.45251 0
495 118 0.48245 0
496 184 0.45026 0
497 184 0.46040 0
498 106 0.49919 0
499 188 0.52663 0
500 188 0.52888 0
501 182 0.46091 0
502 182 0.45941 0
503 179 0.48081 0
504 182 0.43912 0
505 184 0.44510 0
506 184 0.47366 0
507 185 0.47912 0
508 184 0.46388 0
509 185 0.46039 0
510 182 0.46932 0
511 185 0.44517 0
512 185 0.46080 0
513 185 0.44180 0
514 150 0.45084 0
515 150 0.44099 0
516 150 0.44000 0
517 150 0.43682 0
518 150 0.42999 0
519 65 0.45364 0
520 65 0.45537 0
521 183 0.46040 0
522 150 0.38697 0
523 176 0.45423 0
524 152 0.42022 0
525 145 0.46820 0
526 150 0.44872 0
527 151 0.44916 0
528 142 0.45622 0
529 142 0.44886 0
530 138 0.44007 0
531 142 0.44237 0
532 141 0.45585 0
533 142 0.44161 0
534 145 0.42542 0
535 145 0.45332 0
536 144 0.46626 0
537 142 0.47359 0
538 142 0.46080 0
539 145 0.45904 0
540 145 0.46707 0
541 43 0.46827 0
542 177 0.46103 0
543 147 0.50210 0
544 149 0.51079 0
545 144 0.52121 0
546 189 0.52508 0
547 177 0.51832 0
548 193 0.49370 0
549 193 0.49389 0
550 197 0.55603 0
551 197 0.54239 0
552 150 0.48098 0
553 198 0.53186 0
554 197 0.53418 0
555 197 0.51892 0
556 202 0.52975 0
557 202 0.51790 0
558 150 0.45573 0
559 153 0.46817 0
560 153 0.47077 0
561 160 0.44957 0
562 160 0.43369 0
563 154 0.44617 0
564 154 0.43590 0
565 154 0.42264 0
566 209 0.42728 0
567 205 0.41117 0
568 153 0.42409 0
569 157 0.41422 0
570 210 0.40793 0
571 206 0.38399 0
572 269 0.37553 0
573 262 0.32097 0
574 268 0.35209 0
575 265 0.32322 0
576 269 0.35274 0
577 265 0.34684 0
578 224 0.33872 0
579 224 0.31284 0
580 224 0.33221 0
581 266 0.36437 0
582 266 0.37039 0
583 276 0.32496 0
584 276 0.33331 0
585 276 0.31374 0
586 268 0.33178 0
587 268 0.35425 0
588 270 0.34867 0
589 270 0.35905 0
590 268 0.36216 0
591 281 0.31394 0
592 269 0.36293 0
593 269 0.36426 0
594 239 0.35972 0
595 241 0.35682 0
596 182 0.40089 0
597 253 0.32484 0
598 259 0.38623 0
599 259 0.36334 0
600 257 0.36014 0
601 257 0.33904 0
602 257 0.34567 0
603 252 0.34827 0
604 258 0.35752 0
605 257 0.34460 0
606 256 0.35595 0
607 209 0.35198 0
608 268 0.37217 0
609 272 0.34848 0
610 273 0.35026 0
611 273 0.32237 0
612 210 0.36304 0
613 281 0.39334 0
614 272 0.33245 0
615 278 0.31479 0
616 279 0.32307 0
617 281 0.32310 0
618 279 0.31045 0
619 281 0.32610 0
620 277 0.34497 0
621 277 0.33410 0
622 200 0.39007 0
623 282 0.34309 0
624 282 0.37031 0
625 282 0.38279 0
626 182 0.43534 0
627 200 0.41850 0
628 182 0.38454 0
629 182 0.38477 0
630 295 0.37581 0
631 294 0.38764 0
632 255 0.33659 0
633 255 0.31411 0
634 255 0.33669 0
635 250 0.35050 0
636 258 0.31770 0
637 258 0.30436 0
638 259 0.28340 0
639 260 0.28648 0
640 262 0.28073 0
641 262 0.29010 0
642 258 0.30055 0
643 262 0.31012 0
644 260 0.31436 0
645 260 0.28258 0
646 261 0.29380 0
647 262 0.28892 0
648 262 0.30830 0
649 266 0.27249 0
650 266 0.27761 0
651 266 0.29865 0
652 266 0.31473 0
653 177 0.37184 0
654 277 0.27620 0
655 272 0.32368 0
656 281 0.30201 0
657 277 0.31734 0
658 282 0.29605 0
659 281 0.30924 0
660 281 0.34949 0
661 187 0.40650 0
662 177 0.41018 0
663 189 0.41130 0
664 189 0.41653 0
665 253 0.35502 0
666 257 0.40514 0
667 254 0.32818 0
668 254 0.28631 0
669 254 0.27085 0
670 254 0.29166 0
671 255 0.32510 0
672 255 0.32760 0
673 255 0.32224 0
674 252 0.34829 0
675 263 0.34662 0
676 262 0.30672 0
677 265 0.31623 0
678 263 0.26960 0
679 263 0.27908 0
680 263 0.26645 0
681 263 0.27690 0
682 266 0.30241 0
683 263 0.27585 0
684 266 0.27243 0
685 273 0.26867 0
686 274 0.26253 0
687 273 0.27565 0
688 275 0.26411 0
689 276 0.26087 0
690 275 0.26828 0
691 279 0.28108 0
692 280 0.27394 0
693 280 0.29200 0
694 280 0.29990 0
695 280 0.32248 0
696 279 0.34007 0
697 281 0.36598 0
698 281 0.36744 0
699 283 0.36821 0
700 283 0.39370 0
701 285 0.40656 0
702 283 0.42562 0
703 283 0.45356 0
704 283 0.45299 0
705 151 0.48737 0
706 150 0.48700 0
707 146 0.48457 0
708 149 0.47323 0
709 149 0.46067 0
710 149 0.42221 0
711 150 0.42204 0
712 152 0.42746 0
713 152 0.44298 0
714 154 0.42338 0
715 152 0.40965 0
716 152 0.41444 0
717 310 0.33146 0
718 174 0.38204 0
719 152 0.39118 0
720 212 0.37436 0
721 171 0.38697 0
722 170 0.37792 0
723 311 0.26116 0
724 311 0.28878 0
725 174 0.39321 0
726 225 0.29420 0
727 225 0.29004 0
728 174 0.40525 0
729 322 0.32986 0
730 268 0.39738 0
731 178 0.38204 0
732 178 0.39451 0
733 178 0.40254 0
734 237 0.38558 0
735 239 0.37012 0
736 240 0.37264 0
737 241 0.34619 0
738 241 0.37629 0
739 242 0.35657 0
740 258 0.39498 0
741 261 0.42840 0
742 257 0.37573 0
743 257 0.38382 0
744 256 0.36935 0
745 255 0.36149 0
746 255 0.36706 0
747 262 0.34986 0
748 263 0.34597 0
749 266 0.30203 0
750 266 0.31367 0
751 266 0.30384 0
752 266 0.30174 0
753 265 0.28370 0
754 171 0.36043 0
755 172 0.37529 0
756 171 0.35874 0
757 266 0.26414 0
758 265 0.28476 0
759 265 0.30087 0
760 218 0.28166 0
761 217 0.27074 0
762 267 0.28177 0
763 165 0.35606 0
764 267 0.28768 0
765 267 0.27852 0
766 166 0.31773 0
767 166 0.34026 0
768 169 0.36206 0
769 160 0.38331 0
770 274 0.31092 0
771 272 0.29545 0
772 273 0.29853 0
773 273 0.30502 0
774 161 0.35260 0
775 160 0.33803 0
776 160 0.35013 0
777 160 0.32249 0
778 158 0.33383 0
779 158 0.31245 0
780 158 0.31584 0
781 156 0.32955 0
782 150 0.32543 0
783 149 0.31633 0
784 149 0.30011 0
785 149 0.29353 0
786 149 0.28547 0
787 147 0.32143 0
788 147 0.30488 0
789 146 0.30958 0
790 138 0.36852 0
791 142 0.35151 0
792 131 0.44009 0
793 125 0.44531 0
794 125 0.43942 0
795 127 0.50275 0
796 122 0.46149 0
797 128 0.49787 0
798 125 0.44330 0
799 130 0.46901 0
800 130 0.47061 0
801 125 0.46509 0
802 116 0.49166 0
803 125 0.43670 0
804 137 0.43987 0
805 125 0.45246 0
806 125 0.44852 0
807 128 0.46081 0
808 117 0.47953 0
809 128 0.46727 0
810 117 0.46580 0
811 136 0.42868 0
812 118 0.44141 0
813 119 0.45277 0
814 124 0.45186 0
815 123 0.44236 0
816 123 0.42349 0
817 123 0.41538 0
818 122 0.41383 0
819 68 0.38235 0
820 110 0.40557 0
821 65 0.36442 0
822 65 0.35486 0
823 66 0.36777 0
824 65 0.34362 0
825 65 0.34082 0
826 66 0.35287 0
827 142 0.47508 0
828 66 0.35546 0
829 65 0.34956 0
830 476 0.44042 0
831 479 0.45881 0
832 476 0.42832 0
833 102 0.36148 0
834 100 0.35279 0
835 102 0.35098 0
836 101 0.37720 0
837 102 0.34729 0
838 77 0.32415 0
839 77 0.32829 0
840 78 0.30109 0
841 94 0.32663 0
842 94 0.31805 0
843 95 0.33809 0
844 96 0.34015 0
845 85 0.33766 0
846 85 0.30854 0
847 85 0.30960 0
848 86 0.31673 0
849 85 0.34276 0
850 89 0.35003 0
851 89 0.35018 0
852 89 0.34736 0
853 90 0.33887 0
854 423 0.50188 0
855 424 0.50905 0
856 423 0.51274 0
857 423 0.52073 0
858 304 0.54562 0
859 41 0.41004 0
860 39 0.34230 0
861 39 0.33835 0
862 39 0.34565 0
863 40 0.36315 0
864 39 0.33358 0
865 39 0.33593 0
866 39 0.32884 0
867 39 0.32702 0
868 40 0.35030 0
869 40 0.32902 0
870 40 0.33349 0
871 40 0.33360 0
872 40 0.33998 0
873 40 0.35068 0
874 40 0.36256 0
875 485 0.42968 0
876 485 0.41680 0
877 485 0.40722 0
878 485 0.40410 0
879 485 0.39625 0
880 42 0.36211 0
881 487 0.40344 0
882 103 0.41544 0
883 108 0.37046 0
884 109 0.37426 0
885 109 0.38912 0
886 107 0.42074 0
887 109 0.42672 0
888 485 0.43073 0
889 487 0.42275 0
890 119 0.35457 0
891 119 0.37031 0
892 119 0.38848 0
893 119 0.40778 0
894 124 0.35042 0
895 123 0.38266 0
896 136 0.37970 0
897 129 0.32892 0
898 136 0.35956 0
899 136 0.35085 0
900 136 0.32298 0
901 141 0.34476 0
902 129 0.36133 0
903 126 0.42239 0
904 127 0.41205 0
905 141 0.26507 0
906 140 0.25932 0
907 141 0.25590 0
908 144 0.25808 0
909 144 0.27394 0
910 146 0.25039 0
911 149 0.27065 0
912 150 0.27932 0
913 149 0.25057 0
914 150 0.27075 0
915 151 0.27306 0
916 150 0.28172 0
917 154 0.27095 0
918 154 0.27849 0
919 150 0.34689 0
920 154 0.32277 0
921 159 0.31317 0
922 160 0.29128 0
923 160 0.29873 0
924 162 0.28644 0
925 160 0.34379 0
926 160 0.35384 0
927 396 0.33496 0
928 175 0.33777 0
929 168 0.32671 0
930 168 0.32368 0
931 169 0.33009 0
932 170 0.32584 0
933 168 0.33853 0
934 168 0.31414 0
935 169 0.31419 0
936 169 0.31907 0
937 171 0.32608 0
938 224 0.34838 0
939 267 0.39474 0
940 592 0.39531 0
941 266 0.40863 0
942 621 0.38847 0
943 598 0.40086 0
944 641 0.39883 0
945 641 0.40515 0
946 182 0.41297 0
947 442 0.49210 0
948 241 0.41702 0
949 240 0.38733 0
950 187 0.36374 0
951 187 0.39335 0
952 240 0.34461 0
953 240 0.37367 0
954 240 0.38337 0
955 238 0.36938 0
956 238 0.36374 0
957 241 0.37872 0
958 578 0.40674 0
959 241 0.37989 0
960 579 0.40350 0
961 200 0.41881 0
962 200 0.38621 0
963 200 0.36700 0
964 616 0.38486 0
965 616 0.37592 0
966 178 0.37624 0
967 177 0.36172 0
968 177 0.37526 0
969 177 0.38000 0
970 176 0.39337 0
971 305 0.34281 0
972 305 0.32203 0
973 305 0.30151 0
974 305 0.32700 0
975 281 0.42137 0
976 304 0.38260 0
977 308 0.31720 0
978 308 0.32130 0
979 275 0.32871 0
980 274 0.31997 0
981 274 0.32710 0
982 271 0.34122 0
983 270 0.37042 0
984 642 0.37057 0
985 270 0.34329 0
986 182 0.35139 0
987 183 0.35503 0
988 182 0.33924 0
989 639 0.35076 0
990 639 0.36146 0
991 640 0.35287 0
992 182 0.36408 0
993 189 0.35349 0
994 189 0.35312 0
995 189 0.33796 0
996 189 0.36628 0
997 189 0.36524 0
998 193 0.34959 0
999 196 0.37507 0
1000 193 0.35889 0
1001 196 0.38601 0
1002 188 0.40814 0
1003 189 0.39733 0
1004 666 0.42123 0
1005 666 0.41851 0
1006 666 0.41354 0
1007 666 0.40685 0
1008 667 0.38857 0
1009 667 0.36514 0
1010 300 0.34292 0
1011 199 0.34253 0
1012 669 0.39299 0
1013 669 0.39920 0
1014 200 0.36705 0
1015 304 0.34723 0
1016 304 0.33076 0
1017 304 0.33225 0
1018 306 0.30483 0
1019 306 0.31595 0
1020 263 0.32598 0
1021 266 0.28914 0
1022 308 0.30559 0
1023 308 0.29715 0
1024 651 0.33888 0
1025 225 0.25497 0
1026 321 0.32562 0
1027 225 0.26179 0
1028 225 0.26706 0
1029 318 0.29219 0
1030 319 0.32527 0
1031 317 0.28812 0
1032 317 0.29657 0
1033 317 0.27701 0
1034 316 0.27355 0
1035 316 0.27975 0
1036 317 0.29598 0
1037 322 0.29458 0
1038 322 0.29880 0
1039 264 0.32630 0
1040 322 0.30547 0
1041 733 0.33420 0
1042 733 0.34541 0
1043 182 0.34689 0
1044 303 0.36652 0
1045 303 0.37029 0
1046 659 0.41929 0
1047 183 0.37674 0
1048 183 0.37654 0
1049 643 0.38383 0
1050 644 0.42127 0
1051 483 0.48347 0
1052 523 0.46524 0
1053 475 0.44970 0
1054 736 0.39976 0
1055 733 0.38166 0
1056 732 0.37493 0
1057 749 0.37769 0
1058 651 0.37672 0
1059 729 0.36749 0
1060 266 0.35143 0
1061 266 0.32896 0
1062 315 0.30470 0
1063 315 0.31283 0
1064 318 0.28289 0
1065 318 0.27524 0
1066 318 0.28506 0
1067 723 0.36702 0
1068 310 0.34832 0
1069 725 0.36857 0
1070 729 0.34673 0
1071 730 0.34010 0
1072 729 0.37871 0
1073 269 0.37172 0
1074 733 0.37321 0
1075 176 0.38004 0
1076 647 0.36008 0
1077 733 0.37395 0
1078 645 0.36351 0
1079 646 0.39221 0
1080 642 0.34499 0
1081 642 0.34369 0
1082 645 0.36853 0
1083 645 0.35421 0
1084 587 0.38497 0
1085 586 0.39189 0
1086 737 0.40000 0
1087 659 0.39587 0
1088 589 0.34887 0
1089 589 0.35239 0
1090 661 0.38154 0
1091 587 0.33665 0
1092 592 0.31422 0
1093 588 0.31781 0
1094 589 0.33631 0
1095 754 0.33827 0
1096 754 0.31257 0
1097 749 0.29895 0
1098 750 0.28672 0
1099 750 0.27492 0
1100 750 0.33142 0
1101 749 0.31933 0
1102 591 0.35699 0
1103 754 0.28788 0
1104 265 0.36665 0
1105 265 0.36509 0
1106 264 0.38724 0
1107 588 0.35915 0
1108 590 0.34573 0
1109 268 0.41775 0
1110 729 0.31435 0
1111 268 0.38770 0
1112 319 0.33488 0
1113 319 0.33406 0
1114 320 0.33810 0
1115 322 0.36134 0
1116 588 0.29511 0
1117 729 0.29818 0
1118 729 0.30888 0
1119 578 0.31370 0
1120 579 0.31588 0
1121 578 0.34715 0
1122 578 0.35795 0
1123 579 0.37070 0
1124 579 0.39010 0
1125 676 0.35753 0
1126 646 0.31444 0
1127 647 0.34352 0
1128 647 0.33319 0
1129 646 0.35473 0
1130 677 0.31668 0
1131 677 0.30580 0
1132 676 0.31710 0
1133 675 0.32662 0
1134 646 0.35791 0
1135 234 0.37829 0
1136 236 0.39687 0
1137 325 0.39412 0
1138 324 0.39689 0
1139 324 0.36999 0
1140 325 0.35792 0
1141 224 0.30848 0
1142 224 0.29736 0
1143 321 0.35438 0
1144 319 0.35192 0
1145 320 0.36553 0
1146 390 0.35326 0
1147 392 0.39819 0
1148 320 0.37142 0
1149 225 0.28788 0
1150 225 0.30496 0
1151 225 0.30970 0
1152 215 0.34964 0
1153 220 0.32841 0
1154 213 0.36138 0
1155 220 0.32664 0
1156 224 0.32827 0
1157 222 0.32390 0
1158 222 0.30610 0
1159 223 0.32428 0
1160 220 0.31836 0
1161 220 0.32634 0
1162 213 0.36368 0
1163 758 0.32495 0
1164 758 0.33064 0
1165 756 0.33362 0
1166 756 0.32602 0
1167 756 0.33918 0
1168 756 0.32251 0
1169 756 0.35420 0
1170 756 0.35082 0
1171 756 0.36179 0
1172 174 0.39329 0
1173 175 0.38704 0
1174 175 0.39643 0
1175 175 0.39938 0
1176 174 0.41223 0
1177 590 0.41657 0
1178 590 0.41552 0
1179 590 0.42060 0
1180 486 0.48166 0
1181 486 0.46850 0
1182 257 0.44071 0
1183 486 0.45690 0
1184 494 0.46851 0
1185 624 0.42642 0
1186 494 0.48646 0
1187 494 0.47492 0
1188 494 0.47524 0
1189 494 0.46528 0
1190 494 0.48309 0
1191 138 0.55573 0
1192 140 0.54368 0
1193 805 0.49485 0
1194 796 0.51730 0
1195 805 0.48904 0
1196 805 0.47797 0
1197 805 0.48694 0
1198 796 0.48703 0
1199 814 0.50934 0
1200 818 0.49938 0
1201 818 0.53675 0
1202 818 0.51361 0
1203 118 0.50066 0
1204 119 0.49844 0
1205 123 0.50018 0
1206 119 0.51985 0
1207 818 0.47193 0
1208 818 0.47054 0
1209 813 0.48834 0
1210 818 0.48236 0
1211 815 0.48696 0
1212 902 0.52349 0
1213 904 0.50927 0
1214 902 0.50128 0
1215 904 0.49379 0
1216 12 0.52605 0
1217 11 0.52517 0
1218 10 0.49355 0
1219 12 0.53471 0
1220 11 0.52914 0
1221 12 0.51764 0
1222 12 0.49635 0
1223 812 0.53722 0
1224 815 0.52901 0
1225 121 0.47095 0
1226 128 0.52777 0
1227 122 0.44607 0
1228 121 0.46171 0
1229 123 0.45738 0
1230 122 0.43464 0
1231 110 0.41974 0
1232 122 0.43195 0
1233 122 0.42708 0
1234 126 0.45155 0
1235 126 0.44392 0
1236 119 0.45607 0
1237 124 0.45504 0
1238 122 0.45574 0
1239 128 0.47789 0
1240 805 0.54767 0
1241 805 0.53231 0
1242 891 0.54188 0
1243 810 0.52523 0
1244 805 0.49222 0
1245 792 0.51818 0
1246 142 0.47178 0
1247 142 0.48553 0
1248 144 0.46738 0
1249 891 0.48189 0
1250 485 0.47814 0
1251 658 0.48606 0
1252 657 0.45141 0
1253 443 0.44103 0
1254 445 0.46654 0
1255 446 0.49672 0
1256 446 0.43480 0
1257 533 0.50800 0
1258 445 0.36206 0
1259 446 0.39782 0
1260 446 0.38703 0
1261 728 0.45321 0
1262 928 0.45010 0
1263 452 0.38931 0
1264 454 0.38077 0
1265 454 0.38831 0
1266 453 0.39270 0
1267 445 0.47308 0
1268 454 0.36330 0
1269 454 0.38190 0
1270 659 0.47549 0
1271 659 0.42317 0
1272 659 0.40447 0
1273 39 0.39038 0
1274 471 0.40518 0
1275 39 0.38837 0
1276 867 0.32644 0
1277 867 0.32980 0
1278 867 0.32675 0
1279 39 0.39303 0
1280 39 0.40925 0
1281 752 0.43227 0
1282 659 0.44063 0
1283 659 0.44228 0
1284 756 0.41837 0
1285 713 0.43865 0
1286 268 0.34845 0
1287 267 0.32676 0
1288 476 0.44329 0
1289 267 0.33966 0
1290 150 0.41656 0
1291 475 0.45636 0
1292 444 0.37828 0
1293 445 0.43456 0
1294 537 0.39401 0
1295 536 0.38131 1
1296 534 0.33567 1
1297 534 0.30840 1
1298 536 0.30875 1
1299 536 0.26054 1
1300 537 0.22513 1
1301 536 0.20025 1
1302 539 0.18891 1
1303 538 0.20412 1
1304 428 0.38700 0
1305 542 0.16612 1
1306 541 0.16758 1
1307 431 0.52270 0
1308 428 0.41351 0
1309 545 0.18886 1
1310 548 0.20560 1
1311 549 0.20401 1
1312 549 0.21182 1
1313 551 0.22673 1
1314 553 0.22387 1
1315 555 0.24739 1
1316 557 0.25607 1
1317 555 0.28956 1
1318 199 0.44794 0
1319 208 0.42825 0
1320 209 0.41913 0
1321 567 0.28794 1
1322 568 0.29154 1
1323 565 0.17638 1
1324 567 0.15650 1
1325 567 0.13896 1
1326 568 0.13790 1
1327 569 0.12417 1
1328 570 0.13350 1
1329 571 0.12358 1
1330 571 0.13832 1
1331 572 0.13542 1
1332 574 0.14391 1
1333 575 0.15766 1
1334 576 0.14718 1
1335 577 0.10541 1
1336 578 0.10810 1
1337 578 0.10575 1
1338 580 0.07459 1
1339 581 0.07721 1
1340 582 0.07312 1
1341 583 0.05768 1
1342 584 0.05497 1
1343 585 0.03878 1
1344 586 0.02052 1
1345 587 0.02539 1
1346 588 0.01443 1
1347 589 0.02069 1
1348 590 0.01975 1
1349 591 0.03406 1
1350 592 0.02410 1
1351 593 0.03689 1
1352 594 0.05558 1
1353 596 0.08292 1
1354 597 0.07777 1
1355 597 0.07290 1
1356 598 0.07794 1
1357 600 0.07012 1
1358 601 0.06590 1
1359 602 0.06044 1
1360 603 0.04228 1
1361 604 0.03872 1
1362 605 0.02193 1
1363 606 0.01446 1
1364 607 0.01811 1
1365 608 0.02549 1
1366 609 0.02742 1
1367 610 0.02539 1
1368 611 0.03556 1
1369 612 0.05260 1
1370 613 0.05405 1
1371 614 0.05941 1
1372 615 0.06409 1
1373 617 0.05931 1
1374 618 0.03525 1
1375 619 0.04861 1
1376 620 0.06207 1
1377 621 0.04136 1
1378 622 0.05930 1
1379 623 0.03081 1
1380 624 0.03429 1
1381 625 0.02132 1
1382 626 0.01879 1
1383 627 0.02312 1
1384 628 0.02861 1
1385 629 0.03032 1
1386 630 0.04037 1
1387 631 0.05026 1
1388 632 0.04793 1
1389 633 0.05052 1
1390 634 0.06304 1
1391 635 0.06364 1
1392 636 0.06510 1
1393 638 0.05843 1
1394 639 0.06007 1
1395 640 0.04969 1
1396 641 0.03696 1
1397 642 0.02675 1
1398 643 0.02506 1
1399 644 0.02193 1
1400 645 0.04627 1
1401 646 0.03426 1
1402 647 0.04308 1
1403 648 0.05544 1
1404 649 0.07165 1
1405 651 0.06726 1
1406 652 0.07163 1
1407 653 0.03575 1
1408 654 0.01949 1
1409 655 0.01871 1
1410 656 0.00845 1
1411 657 0.02277 1
1412 658 0.02871 1
1413 659 0.03465 1
1414 660 0.06822 1
1415 661 0.08083 1
1416 663 0.04649 1
1417 664 0.05371 1
1418 665 0.03880 1
1419 666 0.01421 1
1420 667 0.00697 1
1421 668 0.03050 1
1422 669 0.03317 1
1423 670 0.05214 1
1424 671 0.04990 1
1425 673 0.06322 1
1426 674 0.07726 1
1427 675 0.05690 1
1428 676 0.03558 1
1429 677 0.02621 1
1430 678 0.02684 1
1431 679 0.04743 1
1432 680 0.05532 1
1433 681 0.05271 1
1434 683 0.07746 1
1435 684 0.06096 1
1436 685 0.05520 1
1437 686 0.04151 1
1438 687 0.04441 1
1439 688 0.04512 1
1440 689 0.05533 1
1441 690 0.07717 1
1442 691 0.07049 1
1443 693 0.08062 1
1444 694 0.06203 1
1445 695 0.05790 1
1446 696 0.05500 1
1447 697 0.07450 1
1448 698 0.11840 1
1449 700 0.09516 1
1450 701 0.09196 1
1451 702 0.09186 1
1452 703 0.06176 1
1453 704 0.05375 1
1454 705 0.06472 1
1455 706 0.07402 1
1456 708 0.07571 1
1457 709 0.07224 1
1458 710 0.06271 1
1459 711 0.06783 1
1460 712 0.06605 1
1461 713 0.07524 1
1462 714 0.07938 1
1463 716 0.07918 1
1464 717 0.06950 1
1465 718 0.07674 1
1466 719 0.05243 1
1467 720 0.06237 1
1468 721 0.05120 1
1469 723 0.07034 1
1470 724 0.04577 1
1471 725 0.03279 1
1472 726 0.05834 1
1473 727 0.03574 1
1474 728 0.05984 1
1475 730 0.04874 1
1476 731 0.05563 1
1477 732 0.04816 1
1478 733 0.03747 1
1479 734 0.06142 1
1480 735 0.06399 1
1481 736 0.08027 1
1482 738 0.08488 1
1483 739 0.06882 1
1484 740 0.05832 1
1485 741 0.06660 1
1486 742 0.02796 1
1487 743 0.06202 1
1488 744 0.07185 1
1489 745 0.06062 1
1490 746 0.05891 1
1491 748 0.07480 1
1492 749 0.07067 1
1493 749 0.05962 1
1494 750 0.06156 1
1495 752 0.04160 1
1496 753 0.04516 1
1497 754 0.03105 1
1498 755 0.04457 1
1499 756 0.06113 1
1500 757 0.07587 1
1501 758 0.11639 1
1502 759 0.10187 1
1503 760 0.14163 1
1504 761 0.13111 1
1505 762 0.11858 1
1506 763 0.12383 1
1507 765 0.11760 1
1508 765 0.12339 1
1509 766 0.13847 1
1510 768 0.17008 1
1511 768 0.18809 1
1512 770 0.18885 1
1513 771 0.22656 1
1514 772 0.22996 1
1515 772 0.26617 1
1516 774 0.28771 1
1517 776 0.27221 1
1518 920 0.33777 0
1519 778 0.24586 1
1520 781 0.26769 1
1521 781 0.25806 1
1522 781 0.25797 1
1523 781 0.23913 1
1524 785 0.25169 1
1525 785 0.22334 1
1526 785 0.19328 1
1527 785 0.18237 1
1528 785 0.17137 1
1529 787 0.17875 1
1530 787 0.16390 1
1531 787 0.16213 1
1532 791 0.12813 1
1533 791 0.10932 1
1534 791 0.08783 1
1535 791 0.08493 1
1536 791 0.08332 1
1537 791 0.08234 1
1538 791 0.08176 1
1539 791 0.08240 1
1540 794 0.08292 1
1541 794 0.06296 1
1542 794 0.05789 1
1543 794 0.06075 1
1544 795 0.07311 1
1545 797 0.07640 1
1546 797 0.06686 1
1547 797 0.06630 1
1548 797 0.08502 1
1549 797 0.10270 1
1550 800 0.12546 1
1551 800 0.13312 1
1552 800 0.13643 1
1553 802 0.16970 1
1554 802 0.18385 1
1555 802 0.19225 1
1556 802 0.21377 1
1557 804 0.22234 1
1558 805 0.23300 1
1559 805 0.27139 1
1560 805 0.27528 1
1561 805 0.31429 1
1562 805 0.34220 1
1563 805 0.36740 0
1564 805 0.37131 0
1565 805 0.38667 0
1566 805 0.40922 0
1567 803 0.39441 0
1568 803 0.39369 0
1569 803 0.38410 0
1570 803 0.37076 0
1571 803 0.38146 0
1572 805 0.40830 0
1573 803 0.37207 0
1574 797 0.33141 0
1575 803 0.39084 0
1576 796 0.34957 0
1577 798 0.38782 0
1578 797 0.37753 0
1579 138 0.39507 0
1580 137 0.40628 0
1581 146 0.40461 0
1582 790 0.37480 0
1583 146 0.39225 0
1584 146 0.38427 0
1585 779 0.38784 0
1586 775 0.40096 0
1587 768 0.41732 0
1588 1170 0.34371 0
1589 1169 0.35426 0
1590 171 0.32242 0
1591 173 0.33990 0
1592 935 0.35143 0
1593 934 0.35090 0
1594 934 0.35358 0
1595 934 0.35110 0
1596 333 0.35690 0
1597 337 0.35784 0
1598 338 0.32996 0
1599 333 0.32707 0
1600 339 0.33533 0
1601 638 0.31494 0
1602 638 0.33307 0
1603 637 0.36232 0
1604 638 0.37570 0
1605 642 0.36362 0
1606 640 0.35891 0
1607 339 0.33084 0
1608 1134 0.36868 0
1609 330 0.38000 0
1610 1084 0.42448 0
1611 1084 0.42240 0
1612 1009 0.45928 0
1613 301 0.44960 0
1614 302 0.45316 0
1615 193 0.45090 0
1616 629 0.40859 0
1617 188 0.42815 0
1618 301 0.40506 0
1619 190 0.45235 0
1620 661 0.37921 0
1621 253 0.36739 0
1622 253 0.38806 0
1623 252 0.38785 0
1624 252 0.36635 0
1625 639 0.35820 0
1626 639 0.36993 0
1627 640 0.36782 0
1628 640 0.37398 0
1629 259 0.34659 0
1630 622 0.36391 0
1631 622 0.36150 0
1632 628 0.35948 0
1633 281 0.31251 0
1634 278 0.30910 0
1635 277 0.29479 0
1636 274 0.29150 0
1637 273 0.34462 0
1638 273 0.36272 0
1639 271 0.29693 0
1640 311 0.31442 0
1641 270 0.33885 0
1642 270 0.32647 0
1643 614 0.37441 0
1644 200 0.36766 0
1645 200 0.36630 0
1646 198 0.33664 0
1647 1054 0.37929 0
1648 257 0.35442 0
1649 991 0.33987 0
1650 641 0.38305 0
1651 996 0.35431 0
1652 1002 0.38268 0
1653 999 0.40998 0
1654 632 0.45716 0
1655 665 0.46078 0
1656 177 0.36331 0
1657 182 0.32658 0
1658 182 0.30853 0
1659 1073 0.32042 0
1660 1073 0.35354 0
1661 1072 0.35042 0
1662 1067 0.28752 0
1663 1067 0.26866 0
1664 1065 0.26153 0
1665 1065 0.27435 0
1666 1063 0.26900 0
1667 311 0.27899 0
1668 318 0.26803 0
1669 311 0.26730 0
1670 315 0.24776 0
1671 1061 0.27931 0
1672 1021 0.30788 0
1673 1021 0.33336 0
1674 1121 0.35570 0
1675 1055 0.37125 0
1676 734 0.37270 0
1677 1178 0.42696 0
1678 1053 0.35706 0
1679 1050 0.36100 0
1680 1050 0.33666 0
1681 1053 0.34827 0
1682 1050 0.34150 0
1683 741 0.39978 0
1684 742 0.41816 0
1685 1057 0.38914 0
1686 733 0.31745 0
1687 733 0.30538 0
1688 1060 0.32112 0
1689 1058 0.34485 0
1690 1063 0.31145 0
1691 1063 0.32068 0
1692 1063 0.30468 0
1693 1063 0.30783 0
1694 1064 0.29953 0
1695 1062 0.30339 0
1696 1063 0.28499 0
1697 1064 0.29212 0
1698 322 0.28636 0
1699 323 0.29266 0
1700 322 0.30202 0
1701 322 0.34521 0
1702 1073 0.34299 0
1703 1112 0.31974 0
1704 1039 0.33845 0
1705 645 0.31417 0
1706 1114 0.30778 0
1707 1114 0.32429 0
1708 1114 0.32253 0
1709 1117 0.32960 0
1710 1118 0.31587 0
1711 1042 0.31739 0
1712 1118 0.30601 0
1713 748 0.33328 0
1714 1061 0.30854 0
1715 1142 0.31361 0
1716 1063 0.28252 0
1717 1142 0.29649 0
1718 314 0.24131 0
1719 315 0.22766 0
1720 313 0.24245 0
1721 1025 0.29766 0
1722 1142 0.28908 0
1723 1142 0.29199 0
1724 1142 0.31752 0
1725 1062 0.28345 0
1726 319 0.30545 0
1727 322 0.28338 0
1728 263 0.25163 0
1729 1129 0.29003 0
1730 1129 0.26036 0
1731 1129 0.28235 0
1732 641 0.33382 0
1733 643 0.42347 0
1734 642 0.32954 0
1735 263 0.37909 0
1736 642 0.31267 0
1737 639 0.34609 0
1738 640 0.31373 0
1739 1042 0.26263 0
1740 1042 0.26463 0
1741 1040 0.27339 0
1742 1142 0.23389 0
1743 1143 0.26293 0
1744 1141 0.26271 0
1745 1143 0.26943 0
1746 1149 0.25425 0
1747 1145 0.26434 0
1748 1151 0.27061 0
1749 312 0.26844 0
1750 322 0.29205 0
1751 323 0.26495 0
1752 326 0.26265 0
1753 319 0.31011 0
1754 326 0.26788 0
1755 326 0.27099 0
1756 326 0.27847 0
1757 330 0.28212 0
1758 329 0.29085 0
1759 326 0.22708 0
1760 326 0.25070 0
1761 330 0.27305 0
1762 330 0.28074 0
1763 330 0.28569 0
1764 331 0.31840 0
1765 335 0.34512 0
1766 1390 0.35516 0
1767 1390 0.32690 0
1768 339 0.33202 0
1769 633 0.33197 0
1770 332 0.33873 0
1771 332 0.33342 0
1772 637 0.33367 0
1773 258 0.33198 0
1774 259 0.33279 0
1775 1395 0.31480 0
1776 640 0.31407 0
1777 327 0.31285 0
1778 327 0.31477 0
1779 327 0.32766 0
1780 325 0.33028 0
1781 325 0.33222 0
1782 327 0.36139 0
1783 327 0.35580 0
1784 325 0.34442 0
1785 325 0.33264 0
1786 325 0.35471 0
1787 361 0.38743 0
1788 322 0.36153 0
1789 319 0.36410 0
1790 311 0.33466 0
1791 325 0.38778 0
1792 326 0.38295 0
1793 269 0.38750 0
1794 269 0.37938 0
1795 567 0.40597 0
1796 1328 0.39368 0
1797 571 0.42514 0
1798 571 0.43028 0
1799 269 0.39477 0
1800 319 0.41752 0
1801 1325 0.42057 0
1802 271 0.37015 0
1803 268 0.38630 0
1804 268 0.38060 0
1805 268 0.37635 0
1806 271 0.40293 0
1807 1129 0.40316 0
1808 1324 0.43123 0
1809 1129 0.40382 0
1810 209 0.44180 0
1811 209 0.43086 0
1812 209 0.43398 0
1813 209 0.44687 0
1814 1431 0.46835 0
1815 271 0.46562 0
1816 1106 0.47662 0
1817 1105 0.48734 0
1818 1105 0.46919 0
1819 1105 0.47540 0
1820 261 0.47377 0
1821 1334 0.49120 0
1822 261 0.47869 0
1823 1334 0.49266 0
1824 1117 0.50119 0
1825 1334 0.49762 0
1826 1284 0.51940 0
1827 732 0.54626 0
1828 576 0.49362 0
1829 600 0.50196 0
1830 659 0.53690 0
1831 1358 0.49030 0
1832 427 0.49436 0
1833 259 0.48750 0
1834 1004 0.45983 0
1835 261 0.45587 0
1836 261 0.43671 0
1837 261 0.43696 0
1838 261 0.43158 0
1839 261 0.43296 0
1840 262 0.41854 0
1841 261 0.42277 0
1842 261 0.40407 0
1843 1389 0.42782 0
1844 258 0.36865 0
1845 258 0.38248 0
1846 261 0.39557 0
1847 259 0.37905 0
1848 259 0.39046 0
1849 258 0.36000 0
1850 1399 0.39097 0
1851 259 0.40656 0
1852 262 0.40004 0
1853 261 0.40641 0
1854 273 0.39390 0
1855 267 0.34782 0
1856 268 0.34504 0
1857 268 0.33608 0
1858 267 0.33245 0
1859 1289 0.32777 0
1860 268 0.29374 0
1861 269 0.28650 0
1862 268 0.28752 0
1863 1432 0.34800 0
1864 1432 0.35327 0
1865 268 0.32843 0
1866 575 0.42159 0
1867 737 0.40459 0
1868 737 0.41730 0
1869 737 0.38720 0
1870 1077 0.41141 0
1871 262 0.39440 0
1872 1482 0.36943 0
1873 262 0.37322 0
1874 261 0.37787 0
1875 262 0.36684 0
1876 258 0.38080 0
1877 465 0.36381 0
1878 1042 0.33234 0
1879 1418 0.36467 0
1880 1041 0.32158 0
1881 1481 0.33651 0
1882 1481 0.34951 0
1883 1484 0.35532 0
1884 1484 0.32963 0
1885 1421 0.33134 0
1886 1489 0.36749 0
1887 1484 0.39258 0
1888 257 0.32926 0
1889 1398 0.36670 0
1890 442 0.42831 0
1891 443 0.40573 0
1892 262 0.38614 0
1893 1398 0.36614 0
1894 1073 0.35873 0
1895 643 0.34971 0
1896 642 0.36756 0
1897 642 0.36933 0
1898 642 0.37582 0
1899 1481 0.41248 0
1900 642 0.38254 0
1901 452 0.37798 0
1902 994 0.34833 0
1903 994 0.34399 0
1904 997 0.33250 0
1905 1295 0.42047 0
1906 996 0.39355 0
1907 102 0.43076 0
1908 107 0.41149 0
1909 107 0.42001 0
1910 107 0.42608 0
1911 107 0.42245 0
1912 114 0.39339 0
1913 114 0.40564 0
1914 118 0.42931 0
1915 101 0.47802 0
1916 101 0.46101 0
1917 99 0.42542 0
1918 105 0.42941 0
1919 485 0.44369 0
1920 100 0.40238 0
1921 102 0.41582 0
1922 101 0.41784 0
1923 1295 0.46913 0
1924 486 0.43167 0
1925 1295 0.42764 0
1926 487 0.44697 0
1927 486 0.43638 0
1928 496 0.43393 0
1929 1300 0.47246 0
1930 435 0.44093 0
1931 433 0.45393 0
1932 440 0.38508 0
1933 518 0.39679 0
1934 518 0.37380 0
1935 518 0.37145 0
1936 987 0.36214 0
1937 87 0.41455 0
1938 1396 0.35954 0
1939 1396 0.34725 0
1940 1396 0.36581 0
1941 638 0.39097 0
1942 634 0.41479 0
1943 259 0.41227 0
1944 259 0.38574 0
1945 258 0.38514 0
1946 1000 0.37924 0
1947 94 0.37161 0
1948 1000 0.35964 0
1949 1001 0.38636 0
1950 1000 0.38622 0
1951 1000 0.39137 0
1952 67 0.31221 0
1953 258 0.39394 0
1954 642 0.37809 0
1955 258 0.41592 0
1956 67 0.28538 0
1957 633 0.41131 0
1958 260 0.40343 0
1959 1604 0.33102 0
1960 1393 0.36781 0
1961 1606 0.36606 0
1962 1606 0.37008 0
1963 640 0.37555 0
1964 1393 0.38306 0
1965 1393 0.38222 0
1966 1393 0.38210 0
1967 1393 0.37586 0
1968 465 0.37724 0
1969 465 0.37332 0
1970 642 0.36630 0
1971 642 0.37542 0
1972 465 0.40539 0
1973 991 0.42430 0
1974 1393 0.39001 0
1975 1393 0.38859 0
1976 990 0.42170 0
1977 1394 0.41396 0
1978 991 0.44801 0
1979 991 0.43980 0
1980 297 0.45073 0
1981 296 0.46804 0
1982 295 0.46435 0
1983 996 0.42669 0
1984 77 0.35002 0
1985 77 0.33749 0
1986 71 0.37224 0
1987 94 0.38560 0
1988 94 0.37105 0
1989 76 0.32893 0
1990 94 0.39982 0
1991 99 0.41067 0
1992 99 0.39626 0
1993 99 0.39049 0
1994 94 0.41004 0
1995 94 0.40672 0
1996 94 0.41462 0
1997 94 0.40638 0
1998 94 0.40291 0
1999 98 0.43844 0
2000 95 0.38699 0
2001 99 0.42114 0
2002 102 0.43322 0
2003 100 0.42230 0
2004 100 0.39010 0
2005 102 0.38330 0
2006 102 0.38300 0
2007 1295 0.40351 0
2008 469 0.42146 0
2009 1297 0.41890 0
2010 525 0.46143 0
2011 429 0.44229 0
2012 1300 0.47771 0
2013 1297 0.46725 0
2014 710 0.47473 0
2015 710 0.47665 0
2016 44 0.47820 0
2017 105 0.47284 0
2018 103 0.45720 0
2019 101 0.47912 0
2020 486 0.49066 0
2021 486 0.48268 0
2022 1621 0.45553 0
2023 486 0.46153 0
2024 661 0.42293 0
2025 1292 0.43939 0
2026 1292 0.43117 0
2027 444 0.41152 0
2028 1648 0.41716 0
2029 665 0.48070 0
2030 666 0.46758 0
2031 666 0.45556 0
2032 1301 0.45666 0
2033 1648 0.47243 0
2034 255 0.48167 0
2035 1294 0.44192 0
2036 52 0.38198 0
2037 444 0.40295 0
2038 737 0.42631 0
2039 56 0.35219 0
2040 56 0.30406 0
2041 56 0.32484 0
2042 56 0.34439 0
2043 56 0.35145 0
2044 56 0.38355 0
2045 56 0.38675 0
2046 46 0.40862 0
2047 47 0.41550 0
2048 47 0.40409 0
2049 47 0.42143 0
2050 47 0.43556 0
2051 47 0.45691 0
2052 1254 0.46108 0
2053 1254 0.45786 0
2054 1254 0.48881 0
2055 1254 0.49657 0
2056 1191 0.48222 0
2057 142 0.49280 0
2058 1258 0.50053 0
2059 1587 0.49380 0
2060 1265 0.48209 0
2061 1585 0.48909 0
2062 142 0.52004 0
2063 783 0.53020 0
2064 783 0.52925 0
2065 783 0.53682 0
2066 784 0.51193 0
2067 784 0.50621 0
2068 784 0.49402 0
2069 535 0.49115 0
2070 535 0.49632 0
2071 896 0.50937 0
2072 896 0.49496 0
2073 811 0.51345 0
2074 811 0.52101 0
2075 1202 0.52748 0
2076 1200 0.52469 0
2077 1201 0.52961 0
2078 1200 0.52941 0
2079 1202 0.53225 0
2080 1200 0.53166 0
2081 812 0.52034 0
2082 1238 0.50854 0
2083 1238 0.50786 0
2084 805 0.48443 0
2085 1575 0.47367 0
2086 1238 0.49006 0
2087 1575 0.47032 0
2088 805 0.47390 0
2089 1574 0.46431 0
2090 1236 0.46667 0
2091 1238 0.46888 0
2092 1238 0.46919 0
2093 1238 0.48075 0
2094 1238 0.46240 0
2095 1238 0.45944 0
2096 1238 0.44192 0
2097 1238 0.45638 0
2098 1238 0.45655 0
2099 1558 0.43720 0
2100 1558 0.43564 0
2101 1558 0.43520 0
2102 1234 0.44982 0
2103 1555 0.43630 0
2104 1560 0.43173 0
2105 1238 0.43946 0
2106 1557 0.44673 0
2107 1228 0.42478 0
2108 1555 0.39332 0
2109 1238 0.43469 0
2110 1238 0.44589 0
2111 1225 0.44394 0
2112 1224 0.45605 0
2113 1557 0.41682 0
2114 1226 0.45183 0
2115 1557 0.43666 0
2116 1226 0.46900 0
2117 1231 0.49124 0
2118 1231 0.48837 0
2119 1225 0.55131 0
2120 1229 0.50321 0
2121 1227 0.49071 0
2122 18 0.56253 0
2123 18 0.57034 0
2124 1239 0.49068 0
2125 18 0.56434 0
2126 18 0.57213 0
2127 1235 0.57590 0
2128 1239 0.58640 0
2129 19 0.58900 0
2130 15 0.57955 0
2131 15 0.56563 0
2132 1229 0.53841 0
2133 1239 0.55873 0
2134 1583 0.53175 0
2135 1239 0.53782 0
2136 21 0.55506 0
2137 130 0.52217 0
2138 131 0.51583 0
2139 137 0.51795 0
2140 137 0.54047 0
2141 19 0.50889 0
2142 1584 0.50905 0
2143 131 0.51899 0
2144 133 0.50393 0
2145 135 0.50850 0
2146 1579 0.52861 0
2147 1579 0.52410 0
2148 1584 0.49115 0
2149 1583 0.52592 0
2150 1555 0.48151 0
2151 1575 0.48053 0
2152 1560 0.45987 0
2153 1558 0.47672 0
2154 1558 0.49094 0
2155 1558 0.49196 0
2156 1238 0.50821 0
2157 1235 0.50636 0
2158 1235 0.51549 0
2159 1247 0.51257 0
2160 1558 0.50155 0
2161 1557 0.52981 0
2162 1557 0.49244 0
2163 1239 0.49348 0
2164 1239 0.49540 0
2165 1558 0.48836 0
2166 1247 0.46742 0
2167 1247 0.46741 0
2168 1554 0.46981 0
2169 1554 0.48181 0
2170 129 0.44868 0
2171 1558 0.45051 0
2172 1558 0.44651 0
2173 1557 0.47414 0
2174 73 0.44766 0
2175 73 0.46176 0
2176 805 0.47733 0
2177 1235 0.48875 0
2178 1235 0.47739 0
2179 1573 0.45388 0
2180 1574 0.48755 0
2181 119 0.44769 0
2182 119 0.44993 0
2183 1577 0.50554 0
2184 129 0.43544 0
2185 126 0.39699 0
2186 119 0.40418 0
2187 126 0.48447 0
2188 1577 0.46777 0
2189 119 0.40681 0
2190 815 0.43850 0
2191 1577 0.45349 0
2192 1649 0.47622 0
2193 1649 0.49765 0
2194 1649 0.50817 0
2195 890 0.48819 0
2196 487 0.48070 0
2197 666 0.43645 0
2198 295 0.45976 0
2199 295 0.45058 0
2200 1183 0.48366 0
2201 1900 0.42178 0
2202 288 0.46387 0
2203 1837 0.43442 0
2204 1837 0.41195 0
2205 1837 0.42447 0
2206 991 0.42364 0
2207 991 0.42451 0
2208 639 0.39669 0
2209 991 0.40961 0
2210 1296 0.44828 0
2211 1650 0.46594 0
2212 1396 0.42657 0
2213 1045 0.45131 0
2214 1292 0.43348 0
2215 444 0.43874 0
2216 439 0.45483 0
2217 444 0.44113 0
2218 442 0.44520 0
2219 440 0.46615 0
2220 438 0.42822 0
2221 947 0.47295 0
2222 1299 0.45381 0
2223 1886 0.38992 0
2224 533 0.45281 0
2225 1296 0.46274 0
2226 1296 0.46919 0
2227 1921 0.39247 0
2228 1295 0.48567 0
2229 1921 0.38937 0
2230 1921 0.36308 0
2231 1922 0.37745 0
2232 1678 0.43510 0
2233 1854 0.41096 0
2234 1853 0.41001 0
2235 1851 0.40156 0
2236 1850 0.39172 0
2237 1853 0.35825 0
2238 1853 0.37174 0
2239 1489 0.47080 0
2240 1489 0.46853 0
2241 642 0.43518 0
2242 642 0.44040 0
2243 1899 0.39793 0
2244 990 0.38691 0
2245 1902 0.40265 0
2246 1903 0.39956 0
2247 991 0.39559 0
2248 1902 0.42581 0
2249 1001 0.41791 0
2250 996 0.38202 0
2251 1946 0.36320 0
2252 1946 0.39638 0
2253 1945 0.39740 0
2254 70 0.35672 0
2255 71 0.35669 0
2256 74 0.31198 0
2257 71 0.34799 0
2258 71 0.33294 0
2259 71 0.33534 0
2260 71 0.31783 0
2261 1946 0.39156 0
2262 60 0.40365 0
2263 1949 0.32986 0
2264 61 0.40370 0
2265 61 0.40696 0
2266 95 0.40212 0
2267 59 0.39792 0
2268 95 0.38675 0
2269 59 0.38559 0
2270 95 0.37552 0
2271 95 0.38533 0
2272 58 0.41756 0
2273 95 0.40105 0
2274 90 0.41572 0
2275 107 0.43101 0
2276 106 0.44868 0
2277 107 0.44701 0
2278 105 0.42901 0
2279 114 0.45116 0
2280 118 0.43171 0
2281 107 0.38896 0
2282 107 0.39024 0
2283 110 0.40906 0
2284 110 0.41076 0
2285 108 0.41744 0
2286 1197 0.48231 0
2287 1192 0.49964 0
2288 1576 0.50491 0
2289 796 0.53437 0
2290 796 0.48065 0
2291 796 0.47399 0
2292 796 0.46647 0
2293 796 0.46074 0
2294 796 0.44556 0
2295 1210 0.47450 0
2296 1210 0.47989 0
2297 1220 0.48564 0
2298 1220 0.48178 0
2299 1220 0.48893 0
2300 1217 0.49690 0
2301 1220 0.48736 0
2302 1218 0.48998 0
2303 1210 0.51306 0
2304 1210 0.51168 0
2305 1219 0.47847 0
2306 1219 0.48581 0
2307 1220 0.49516 0
2308 1223 0.47874 0
2309 1220 0.49485 0
2310 1220 0.50446 0
2311 1218 0.50430 0
2312 1221 0.50919 0
2313 1217 0.50431 0
2314 1222 0.49697 0
2315 1222 0.48737 0
2316 1215 0.52877 0
2317 1210 0.49500 0
2318 1213 0.52092 0
2319 12 0.53992 0
2320 1217 0.50028 0
2321 1225 0.51157 0
2322 1225 0.49579 0
2323 12 0.52406 0
2324 1225 0.51544 0
2325 1225 0.51570 0
2326 1225 0.50114 0
2327 1225 0.49862 0
2328 1225 0.49679 0
2329 1225 0.49033 0
2330 1225 0.49137 0
2331 1225 0.49385 0
2332 1225 0.49696 0
2333 1225 0.49587 0
2334 1225 0.49629 0
2335 1225 0.49738 0
2336 1225 0.49540 0
2337 1227 0.48044 0
2338 1227 0.47861 0
2339 1225 0.49889 0
2340 1227 0.48469 0
2341 1227 0.48823 0
2342 1225 0.49748 0
2343 1225 0.49324 0
2344 1225 0.49228 0
2345 1227 0.47864 0
2346 1225 0.48722 0
2347 1227 0.47888 0
2348 1225 0.48157 0
2349 1225 0.48779 0
2350 1225 0.48939 0
2351 1227 0.47611 0
2352 1225 0.49076 0
2353 1227 0.47673 0
2354 1226 0.50316 0
2355 1225 0.49821 0
2356 1225 0.49523 0
2357 1227 0.48389 0
2358 1225 0.50178 0
2359 1227 0.48256 0
2360 1227 0.48003 0
2361 1227 0.48588 0
2362 1225 0.50814 0
2363 1225 0.49916 0
2364 1225 0.49980 0
2365 1225 0.50287 0
2366 1225 0.49980 0
2367 1225 0.49881 0
2368 1225 0.50010 0
2369 1210 0.49579 0
2370 1225 0.49953 0
2371 1225 0.49916 0
2372 1225 0.49950 0
2373 1225 0.49888 0
2374 1225 0.49220 0
2375 1227 0.48380 0
2376 1225 0.49979 0
2377 1227 0.48811 0
2378 1225 0.49396 0
2379 1225 0.49705 0
2380 1227 0.48188 0
2381 1227 0.48801 0
2382 1225 0.49274 0
2383 1225 0.49669 0
2384 1225 0.49319 0
2385 1225 0.50127 0
2386 1214 0.49501 0
2387 1227 0.48610 0
2388 1225 0.49945 0
2389 1214 0.49688 0
2390 1225 0.49982 0
2391 1225 0.49671 0
2392 1225 0.49173 0
2393 1225 0.48874 0
2394 1225 0.49333 0
2395 1225 0.48738 0
2396 1225 0.49475 0
2397 1225 0.48677 0
2398 1225 0.49450 0
2399 1227 0.46421 0
2400 1227 0.46986 0
2401 1227 0.46690 0
2402 1227 0.48422 0
2403 1227 0.47944 0
2404 1229 0.48841 0
2405 1225 0.47951 0
2406 1227 0.48809 0
2407 1227 0.47735 0
2408 1227 0.48165 0
2409 1227 0.48566 0
2410 1225 0.47678 0
2411 1227 0.47271 0
2412 1225 0.50875 0
2413 1227 0.45441 0
2414 19 0.41474 0
2415 19 0.40300 0
2416 19 0.38145 0
2417 19 0.39294 1
2418 19 0.38316 1
2419 21 0.36806 1
2420 19 0.36006 1
2421 21 0.31864 1
2422 22 0.31305 1
2423 22 0.25314 1
2424 24 0.23887 1
2425 24 0.19726 1
2426 25 0.20025 1
2427 26 0.14332 1
2428 26 0.13335 1
2429 27 0.18068 1
2430 28 0.10522 1
2431 29 0.10051 1
2432 30 0.14241 1
2433 31 0.11996 1
2434 32 0.07419 1
2435 32 0.09037 1
2436 33 0.10878 1
2437 35 0.12754 1
2438 35 0.12725 1
2439 37 0.11837 1
2440 37 0.12489 1
2441 38 0.10177 1
2442 39 0.10841 1
2443 40 0.11293 1
2444 41 0.10615 1
2445 42 0.10731 1
2446 43 0.09805 1
2447 44 0.10006 1
2448 45 0.09036 1
2449 47 0.11157 1
2450 48 0.12154 1
2451 49 0.13311 1
2452 50 0.10244 1
2453 51 0.09423 1
2454 52 0.07900 1
2455 53 0.07282 1
2456 54 0.06936 1
2457 55 0.07727 1
2458 56 0.06491 1
2459 57 0.07143 1
2460 58 0.07192 1
2461 59 0.07567 1
2462 60 0.06840 1
2463 61 0.08174 1
2464 63 0.08638 1
2465 63 0.08330 1
2466 65 0.09291 1
2467 65 0.08604 1
2468 67 0.08400 1
2469 68 0.06650 1
2470 69 0.06691 1
2471 70 0.07173 1
2472 71 0.05417 1
2473 72 0.08440 1
2474 73 0.05056 1
2475 74 0.05004 1
2476 75 0.08022 1
2477 76 0.04297 1
2478 77 0.08025 1
2479 78 0.05516 1
2480 79 0.06593 1
2481 80 0.05804 1
2482 81 0.05635 1
2483 82 0.05085 1
2484 83 0.06545 1
2485 84 0.06347 1
2486 85 0.07526 1
2487 86 0.08387 1
2488 87 0.07450 1
2489 88 0.06181 1
2490 89 0.06335 1
2491 90 0.07388 1
2492 91 0.06913 1
2493 92 0.05430 1
2494 93 0.04132 1
2495 94 0.04969 1
2496 95 0.05603 1
2497 96 0.04868 1
2498 97 0.04678 1
2499 98 0.06929 1
2500 100 0.09279 1
2501 101 0.08262 1
2502 102 0.08662 1
2503 103 0.11338 1
2504 105 0.11882 1
2505 107 0.14718 1
2506 109 0.15849 1
2507 110 0.15616 1
2508 113 0.15043 1
2509 115 0.10494 1
2510 116 0.09662 1
2511 120 0.09497 1
2512 123 0.10127 1
2513 126 0.08307 1
2514 128 0.05690 1
2515 130 0.09989 1
2516 132 0.14458 1
2517 134 0.19020 1
2518 134 0.25778 1
2519 137 0.33128 1
2520 137 0.39285 1
2521 137 0.43264 0
2522 133 0.43601 0
2523 1545 0.39657 0
2524 884 0.45918 0
2525 118 0.44545 0
2526 118 0.42769 0
2527 118 0.39420 0
2528 890 0.38844 0
2529 2192 0.42597 0
2530 1929 0.38446 0
2531 1929 0.39124 0
2532 1931 0.41234 0
2533 2215 0.43435 0
2534 2004 0.41081 0
2535 2004 0.41363 0
2536 2001 0.41040 0
2537 1902 0.41798 0
2538 1995 0.39278 0
2539 840 0.32210 0
2540 840 0.28864 0
2541 840 0.30804 0
2542 842 0.31387 0
2543 94 0.33718 0
2544 844 0.32874 0
2545 845 0.32462 0
2546 846 0.33556 0
2547 850 0.31061 0
2548 850 0.31864 0
2549 851 0.33150 0
2550 851 0.32897 0
2551 106 0.35581 0
2552 1986 0.41744 0
2553 1902 0.43740 0
2554 101 0.36083 0
2555 837 0.40356 0
2556 2003 0.41052 0
2557 100 0.28285 0
2558 1928 0.43753 0
2559 1301 0.45863 0
2560 2201 0.46235 0
2561 2202 0.51161 0
2562 884 0.40415 0
2563 873 0.29583 0
2564 881 0.31753 0
2565 881 0.29104 0
2566 881 0.27001 0
2567 885 0.25773 0
2568 891 0.26225 0
2569 890 0.26063 0
2570 125 0.28989 0
2571 122 0.37188 0
2572 1559 0.35791 0
2573 1559 0.28109 1
2574 1559 0.22998 1
2575 1558 0.14842 1
2576 1558 0.14310 1
2577 1558 0.19490 1
2578 810 0.20362 1
2579 811 0.21070 1
2580 811 0.22805 1
2581 899 0.46535 0
2582 905 0.41236 0
2583 823 0.27367 1
2584 821 0.22252 1
2585 824 0.18179 1
2586 824 0.15655 1
2587 826 0.15415 1
2588 827 0.15047 1
2589 830 0.16453 1
2590 830 0.15092 1
2591 832 0.13746 1
2592 834 0.11723 1
2593 835 0.12455 1
2594 837 0.09700 1
2595 838 0.07730 1
2596 839 0.09291 1
2597 841 0.06025 1
2598 842 0.06602 1
2599 844 0.08924 1
2600 845 0.05718 1
2601 846 0.07972 1
2602 848 0.07057 1
2603 849 0.07221 1
2604 850 0.08157 1
2605 851 0.07091 1
2606 853 0.08917 1
2607 854 0.07663 1
2608 855 0.09428 1
2609 857 0.10073 1
2610 858 0.13709 1
2611 859 0.10743 1
2612 861 0.14124 1
2613 861 0.12555 1
2614 864 0.13376 1
2615 864 0.12538 1
2616 865 0.13466 1
2617 867 0.14816 1
2618 867 0.19009 1
2619 871 0.19079 1
2620 872 0.19541 1
2621 873 0.23587 1
2622 873 0.26969 1
2623 879 0.28529 1
2624 879 0.26558 1
2625 879 0.29494 1
2626 1022 0.41816 0
2627 1093 0.44193 0
2628 1094 0.43889 0
2629 1094 0.44088 0
2630 1096 0.45322 0
2631 1635 0.45549 0
2632 1412 0.47346 0
2633 659 0.46128 0
2634 659 0.47454 0
2635 624 0.46339 0
2636 2197 0.50739 0
2637 800 0.46875 0
2638 801 0.42870 0
2639 808 0.43464 0
2640 812 0.37157 0
2641 814 0.36246 0
2642 119 0.37937 0
2643 84 0.37941 0
2644 85 0.36928 0
2645 89 0.38266 0
2646 89 0.34393 0
2647 89 0.35633 0
2648 89 0.35633 0
2649 66 0.35984 0
2650 67 0.37740 0
2651 2250 0.36728 0
2652 2250 0.34461 0
2653 98 0.34679 0
2654 99 0.34757 0
2655 841 0.35094 0
2656 840 0.32457 0
2657 840 0.32369 0
2658 840 0.33850 0
2659 840 0.29910 0
2660 56 0.34845 0
2661 2047 0.39084 0
2662 59 0.37578 0
2663 2049 0.42996 0
2664 2048 0.44042 0
2665 2047 0.43173 0
2666 2048 0.45086 0
2667 2275 0.43930 0
2668 2275 0.45573 0
2669 106 0.40433 0
2670 1907 0.39984 0
2671 107 0.42273 0
2672 1908 0.41366 0
2673 1910 0.42077 0
2674 2200 0.50105 0
2675 1914 0.48026 0
2676 481 0.42468 0
2677 481 0.43056 0
2678 1914 0.42439 0
2679 105 0.35160 0
2680 493 0.48003 0
2681 493 0.48236 0
2682 493 0.49255 0
2683 901 0.55604 0
2684 786 0.46989 0
2685 121 0.41166 0
2686 121 0.39945 0
2687 121 0.37298 0
2688 117 0.37603 0
2689 121 0.35779 0
2690 121 0.35697 0
2691 121 0.37153 0
2692 126 0.35063 0
2693 126 0.35023 0
2694 812 0.44130 0
2695 812 0.44553 0
2696 812 0.46107 0
2697 1558 0.42408 0
2698 1560 0.37315 0
2699 1560 0.39063 0
2700 805 0.37069 0
2701 811 0.38591 0
2702 814 0.39778 0
2703 814 0.38785 0
2704 815 0.35027 0
2705 816 0.36079 0
2706 119 0.46072 0
2707 105 0.43976 0
2708 119 0.41778 0
2709 2046 0.44749 0
2710 1297 0.40902 0
2711 2033 0.41503 0
2712 1931 0.36462 0
2713 463 0.38337 0
2714 1294 0.41148 0
2715 2211 0.39185 0
2716 2041 0.36180 0
2717 2042 0.34706 0
2718 2042 0.34882 0
2719 468 0.39064 0
2720 2041 0.34820 0
2721 469 0.39095 0
2722 2051 0.42970 0
2723 2051 0.44147 0
2724 2215 0.39053 0
2725 2018 0.34073 0
2726 2018 0.35751 0
2727 2214 0.38634 0
2728 2214 0.37345 0
2729 1283 0.31233 0
2730 1283 0.32027 0
2731 1291 0.30097 0
2732 1294 0.32527 0
2733 1293 0.31810 0
2734 2234 0.39145 0
2735 1852 0.38571 0
2736 1853 0.39526 0
2737 1298 0.37551 0
2738 527 0.35498 0
2739 2209 0.37820 0
2740 2007 0.39168 0
2741 1928 0.42837 0
2742 2248 0.36698 0
2743 2248 0.38359 0
2744 2249 0.36771 0
2745 1917 0.40798 0
2746 838 0.41756 0
2747 1988 0.41281 0
2748 77 0.40137 0
2749 1987 0.41394 0
2750 1988 0.40568 0
2751 1986 0.42720 0
2752 58 0.43406 0
2753 2267 0.44063 0
2754 79 0.41252 0
2755 79 0.40735 0
2756 71 0.37175 0
2757 81 0.47457 0
2758 71 0.35416 0
2759 70 0.34524 0
2760 71 0.38212 0
2761 71 0.37892 0
