301 1 0.66637 0
302 1 0.68511 0
303 1 0.67350 0
304 1 0.67871 0
305 1 0.69026 0
306 1 0.68564 0
307 1 0.68245 0
308 1 0.68585 0
309 1 0.69643 0
310 1 0.65084 0
311 11 0.59663 0
312 3 0.64146 0
313 5 0.61365 0
314 10 0.62305 0
315 9 0.62716 0
316 9 0.61522 0
317 10 0.61088 0
318 11 0.60762 0
319 9 0.60185 0
320 3 0.59599 0
321 3 0.59489 0
322 3 0.56883 0
323 1 0.55554 0
324 1 0.56399 0
325 1 0.56496 0
326 10 0.57185 0
327 10 0.57573 0
328 3 0.60336 0
329 3 0.58056 0
330 4 0.57806 0
331 4 0.55544 0
332 4 0.58019 0
333 5 0.58883 0
334 4 0.59644 0
335 4 0.62448 0
336 4 0.62378 0
337 5 0.63781 0
338 1 0.63402 0
339 1 0.64548 0
340 4 0.65257 0
341 3 0.66310 0
342 1 0.65504 0
343 1 0.66728 0
344 1 0.65948 0
345 1 0.69150 0
346 13 0.68974 0
347 15 0.67906 0
348 13 0.66699 0
349 15 0.68170 0
350 13 0.68890 0
351 3 0.68764 0
352 13 0.69909 0
353 6 0.69173 0
354 2 0.69969 0
355 5 0.71289 0
356 2 0.67796 0
357 1 0.69967 0
358 1 0.69310 0
359 13 0.68796 0
360 1 0.72357 0
361 58 0.71306 0
362 58 0.70252 0
363 58 0.72034 0
364 59 0.71211 0
365 61 0.69547 0
366 59 0.71379 0
367 10 0.70300 0
368 58 0.70756 0
369 58 0.68635 0
370 58 0.68071 0
371 65 0.65665 0
372 69 0.62646 0
373 69 0.62118 0
374 69 0.64157 0
375 10 0.63183 0
376 6 0.60848 0
377 13 0.56485 0
378 6 0.57162 0
379 11 0.56282 0
380 12 0.55801 0
381 3 0.54542 0
382 4 0.56625 0
383 3 0.54132 0
384 4 0.53212 0
385 5 0.51226 0
386 5 0.50897 0
387 6 0.51362 0
388 3 0.53337 0
389 4 0.50205 0
390 1 0.50451 0
391 91 0.43952 0
392 91 0.42329 0
393 91 0.42616 0
394 91 0.44292 0
395 91 0.44212 0
396 91 0.42726 0
397 91 0.44116 0
398 91 0.41693 0
399 91 0.41211 0
400 90 0.41874 0
401 95 0.39798 0
402 92 0.43937 0
403 92 0.44426 0
404 92 0.44838 0
405 86 0.44805 0
406 86 0.45654 0
407 86 0.42993 0
408 86 0.42660 0
409 86 0.39760 0
410 86 0.45850 0
411 86 0.42182 0
412 86 0.41936 0
413 87 0.45595 0
414 86 0.45959 0
415 91 0.49114 0
416 86 0.49747 0
417 2 0.49323 0
418 92 0.49863 0
419 89 0.50254 0
420 89 0.50078 0
421 91 0.50198 0
422 89 0.50805 0
423 89 0.49241 0
424 91 0.48405 0
425 89 0.48577 0
426 2 0.49405 0
427 90 0.49158 0
428 91 0.49858 0
429 91 0.49535 0
430 3 0.52424 0
431 131 0.48874 0
432 131 0.49055 0
433 126 0.54733 0
434 131 0.47859 0
435 88 0.51372 0
436 88 0.51724 0
437 88 0.52361 0
438 127 0.54270 0
439 131 0.51529 0
440 127 0.52698 0
441 141 0.51954 0
442 139 0.52306 0
443 138 0.52976 0
444 139 0.53663 0
445 141 0.52391 0
446 139 0.52929 0
447 141 0.53093 0
448 139 0.50831 0
449 131 0.49838 0
450 130 0.52851 0
451 145 0.46162 0
452 145 0.46977 0
453 145 0.46249 0
454 145 0.44864 0
455 147 0.45655 0
456 145 0.45610 0
457 146 0.45164 0
458 134 0.46842 0
459 144 0.47651 0
460 139 0.46964 0
461 139 0.47269 0
462 128 0.46061 0
463 129 0.45028 0
464 128 0.45504 0
465 128 0.44825 0
466 149 0.45510 0
467 128 0.44879 0
468 128 0.45381 0
469 146 0.47198 0
470 149 0.45095 0
471 142 0.45383 0
472 151 0.42864 0
473 151 0.44039 0
474 144 0.41514 0
475 145 0.38513 0
476 145 0.40232 0
477 145 0.43167 0
478 145 0.39586 0
479 89 0.45218 0
480 89 0.43224 0
481 89 0.41512 0
482 89 0.39968 0
483 89 0.42676 0
484 89 0.43192 0
485 89 0.43716 0
486 89 0.44365 0
487 144 0.45001 0
488 123 0.45957 0
489 123 0.44219 0
490 123 0.44507 0
491 122 0.38268 0
492 122 0.36414 0
493 122 0.37340 0
494 122 0.38356 0
495 122 0.37572 0
496 122 0.40047 0
497 122 0.38759 0
498 126 0.44567 0
499 122 0.40984 0
500 98 0.44694 0
501 92 0.49445 0
502 123 0.46215 0
503 122 0.50067 0
504 102 0.45955 0
505 95 0.52488 0
506 90 0.52344 0
507 92 0.49800 0
508 92 0.48338 0
509 11 0.53975 0
510 90 0.47508 0
511 90 0.46783 0
512 90 0.46885 0
513 90 0.46357 0
514 90 0.48396 0
515 90 0.47868 0
516 134 0.52810 0
517 134 0.50827 0
518 133 0.50518 0
519 140 0.49674 0
520 140 0.49160 0
521 147 0.45446 0
522 140 0.45251 0
523 169 0.45195 0
524 169 0.42968 0
525 169 0.42978 0
526 147 0.43606 0
527 147 0.41691 0
528 169 0.44938 0
529 154 0.44754 0
530 159 0.45717 0
531 158 0.43312 0
532 159 0.44079 0
533 159 0.42934 0
534 169 0.43544 0
535 160 0.44937 0
536 159 0.44374 0
537 159 0.41154 0
538 159 0.42633 0
539 160 0.42775 0
540 160 0.45865 0
541 170 0.43600 0
542 170 0.43357 0
543 170 0.43812 0
544 170 0.43942 0
545 159 0.43699 0
546 169 0.45726 0
547 159 0.42564 0
548 159 0.40331 0
549 159 0.42772 0
550 171 0.45257 0
551 243 0.45571 0
552 243 0.46238 0
553 245 0.50946 0
554 242 0.50084 0
555 249 0.49373 0
556 243 0.46979 0
557 247 0.44826 0
558 246 0.46598 0
559 164 0.44633 0
560 171 0.44359 0
561 158 0.47117 0
562 164 0.42419 0
563 170 0.40172 0
564 170 0.39976 0
565 163 0.39953 0
566 163 0.38368 0
567 163 0.38098 0
568 172 0.36371 0
569 163 0.35930 0
570 170 0.36479 0
571 172 0.33799 0
572 172 0.32630 0
573 170 0.32984 0
574 170 0.33099 0
575 170 0.32757 0
576 170 0.32537 0
577 170 0.34062 0
578 165 0.33603 0
579 172 0.31970 0
580 164 0.31531 0
581 164 0.30275 0
582 164 0.32138 0
583 165 0.32503 0
584 171 0.32749 0
585 172 0.33854 0
586 172 0.34033 0
587 169 0.29025 0
588 171 0.28353 0
589 171 0.28497 0
590 170 0.28710 0
591 170 0.27986 0
592 155 0.31116 0
593 170 0.28197 0
594 170 0.29493 0
595 170 0.32574 0
596 170 0.34421 0
597 159 0.32139 0
598 160 0.32096 0
599 162 0.32290 0
600 160 0.29801 0
601 160 0.30825 0
602 162 0.28058 0
603 163 0.28643 0
604 162 0.29441 0
605 163 0.29944 0
606 153 0.34714 0
607 158 0.34295 0
608 150 0.32786 0
609 156 0.32275 0
610 169 0.29871 0
611 169 0.31325 0
612 169 0.35825 0
613 166 0.37024 0
614 169 0.37645 0
615 158 0.36597 0
616 165 0.32146 0
617 150 0.36302 0
618 165 0.33254 0
619 170 0.32038 0
620 166 0.30823 0
621 166 0.32119 0
622 166 0.29611 0
623 166 0.28968 0
624 156 0.31676 0
625 139 0.34192 0
626 139 0.36070 0
627 139 0.35664 0
628 131 0.35237 0
629 145 0.35164 0
630 160 0.30341 0
631 160 0.29569 0
632 169 0.35708 0
633 143 0.42307 0
634 145 0.40978 0
635 143 0.42879 0
636 146 0.50621 0
637 146 0.49709 0
638 212 0.42896 0
639 213 0.41338 0
640 133 0.42736 0
641 134 0.43283 0
642 134 0.41778 0
643 134 0.39640 0
644 134 0.38993 0
645 137 0.39942 0
646 138 0.38562 0
647 138 0.36451 0
648 138 0.36810 0
649 138 0.35848 0
650 144 0.37529 0
651 142 0.35560 0
652 145 0.35577 0
653 147 0.34157 0
654 147 0.34210 0
655 144 0.37752 0
656 140 0.42819 0
657 144 0.39155 0
658 167 0.38604 0
659 156 0.31791 0
660 158 0.33375 0
661 154 0.32705 0
662 155 0.31487 0
663 158 0.30233 0
664 158 0.33466 0
665 170 0.33139 0
666 151 0.41475 0
667 154 0.37135 0
668 171 0.38510 0
669 156 0.38328 0
670 164 0.34684 0
671 165 0.37157 0
672 166 0.36518 0
673 166 0.36205 0
674 168 0.41684 0
675 159 0.39385 0
676 158 0.38018 0
677 293 0.54485 0
678 293 0.53019 0
679 293 0.51650 0
680 293 0.53544 0
681 294 0.55716 0
682 377 0.49601 0
683 295 0.54055 0
684 295 0.54787 0
685 295 0.52968 0
686 294 0.50298 0
687 295 0.49995 0
688 295 0.47570 0
689 295 0.47951 0
690 296 0.47975 0
691 296 0.47901 0
692 294 0.47844 0
693 296 0.45294 0
694 294 0.47072 0
695 295 0.48141 0
696 295 0.50306 0
697 295 0.45424 0
698 294 0.44146 0
699 292 0.46917 0
700 294 0.44857 0
701 303 0.46292 0
702 304 0.45285 0
703 295 0.46701 0
704 293 0.44321 0
705 293 0.46439 0
706 296 0.44994 0
707 295 0.43800 0
708 295 0.44755 0
709 303 0.45172 0
710 293 0.47140 0
711 301 0.45055 0
712 296 0.46415 0
713 294 0.46647 0
714 293 0.45740 0
715 377 0.47994 0
716 293 0.48460 0
717 304 0.47584 0
718 274 0.46464 0
719 274 0.47217 0
720 277 0.45585 0
721 293 0.47606 0
722 293 0.48310 0
723 302 0.48454 0
724 292 0.44276 0
725 172 0.28570 0
726 172 0.30601 0
727 172 0.28885 0
728 162 0.30760 0
729 162 0.31386 0
730 172 0.31754 0
731 162 0.29712 0
732 162 0.31087 0
733 162 0.32880 0
734 162 0.32830 0
735 162 0.33715 0
736 165 0.36799 0
737 165 0.35319 0
738 170 0.34666 0
739 162 0.33320 0
740 163 0.32400 0
741 158 0.32589 0
742 169 0.32173 0
743 158 0.33142 0
744 158 0.36163 0
745 383 0.40135 0
746 293 0.45218 0
747 292 0.48107 0
748 295 0.48551 0
749 293 0.46417 0
750 295 0.45658 0
751 293 0.45676 0
752 295 0.47388 0
753 295 0.46483 0
754 295 0.40430 0
755 295 0.40087 0
756 295 0.39517 0
757 295 0.37720 0
758 293 0.38789 0
759 293 0.37309 0
760 303 0.41272 0
761 290 0.40078 0
762 291 0.40006 0
763 305 0.44675 0
764 305 0.46123 0
765 307 0.48362 0
766 307 0.48174 0
767 239 0.47503 0
768 373 0.45021 0
769 373 0.43687 0
770 351 0.40293 0
771 373 0.44092 0
772 282 0.42851 0
773 258 0.35988 0
774 266 0.33710 0
775 259 0.33595 0
776 258 0.34636 0
777 244 0.33244 0
778 266 0.35533 0
779 245 0.33460 0
780 247 0.33293 0
781 247 0.31168 0
782 261 0.31868 0
783 250 0.31748 0
784 247 0.31146 0
785 251 0.29238 0
786 251 0.27863 0
787 251 0.27325 0
788 252 0.32758 0
789 252 0.32142 0
790 256 0.35788 0
791 258 0.33246 0
792 248 0.36977 0
793 258 0.40771 0
794 274 0.41796 0
795 293 0.46947 0
796 293 0.46908 0
797 295 0.45367 0
798 293 0.45276 0
799 293 0.42661 0
800 293 0.43091 0
801 294 0.46131 0
802 295 0.40653 0
803 296 0.44633 0
804 294 0.45210 0
805 294 0.43800 0
806 294 0.43731 0
807 294 0.43092 0
808 295 0.43405 0
809 296 0.43070 0
810 293 0.43504 0
811 294 0.43220 0
812 295 0.43297 0
813 258 0.44791 0
814 295 0.43677 0
815 295 0.45518 0
816 272 0.48174 0
817 268 0.47301 0
818 274 0.47547 0
819 294 0.47268 0
820 293 0.48292 0
821 293 0.47517 0
822 170 0.36346 0
823 165 0.36327 0
824 164 0.36396 0
825 165 0.38433 0
826 158 0.33743 0
827 294 0.42667 0
828 294 0.43155 0
829 295 0.44914 0
830 163 0.31562 0
831 160 0.30524 0
832 165 0.30630 0
833 163 0.29263 0
834 164 0.31341 0
835 154 0.35602 0
836 172 0.32609 0
837 154 0.35268 0
838 529 0.38727 0
839 529 0.38402 0
840 529 0.35678 0
841 533 0.35024 0
842 528 0.36234 0
843 528 0.36733 0
844 528 0.35548 0
845 528 0.36528 0
846 528 0.37832 0
847 158 0.35625 0
848 165 0.34233 0
849 171 0.38618 0
850 541 0.40238 0
851 542 0.37861 0
852 548 0.40106 0
853 548 0.40242 0
854 548 0.39005 0
855 165 0.38389 0
856 170 0.37629 0
857 165 0.39197 0
858 165 0.36825 0
859 165 0.36802 0
860 165 0.36003 0
861 165 0.34058 0
862 165 0.36124 0
863 166 0.36664 0
864 165 0.35726 0
865 164 0.37065 0
866 533 0.37377 0
867 561 0.41110 0
868 561 0.35022 0
869 561 0.40148 0
870 561 0.40847 0
871 563 0.36595 0
872 563 0.36605 0
873 546 0.43915 0
874 562 0.41592 0
875 565 0.38652 0
876 567 0.36854 0
877 528 0.37616 0
878 529 0.39648 0
879 533 0.41013 0
880 529 0.35358 0
881 529 0.36470 0
882 557 0.37126 0
883 529 0.37194 0
884 526 0.38454 0
885 527 0.37908 0
886 529 0.38714 0
887 529 0.36904 0
888 529 0.37811 0
889 529 0.38577 0
890 529 0.37743 0
891 526 0.38851 0
892 527 0.40396 0
893 529 0.39300 0
894 549 0.37535 0
895 548 0.41682 0
896 557 0.39979 0
897 548 0.41328 0
898 156 0.41619 0
899 548 0.40800 0
900 156 0.40419 0
901 158 0.42460 0
902 167 0.40519 0
903 167 0.41241 0
904 167 0.41224 0
905 169 0.42154 0
906 158 0.45391 0
907 169 0.40081 0
908 169 0.42467 0
909 152 0.45340 0
910 152 0.44084 0
911 608 0.43833 0
912 151 0.45152 0
913 153 0.44581 0
914 608 0.48812 0
915 153 0.44833 0
916 152 0.44414 0
917 611 0.53963 0
918 610 0.52642 0
919 385 0.50639 0
920 154 0.51558 0
921 154 0.51630 0
922 169 0.51918 0
923 167 0.50361 0
924 153 0.52477 0
925 131 0.54935 0
926 137 0.51884 0
927 141 0.55699 0
928 140 0.56310 0
929 237 0.40070 0
930 237 0.40455 0
931 336 0.45345 0
932 336 0.44725 0
933 238 0.38672 0
934 237 0.42001 0
935 238 0.38760 0
936 238 0.38612 0
937 240 0.33770 0
938 240 0.36070 0
939 240 0.38002 0
940 240 0.36745 0
941 283 0.37827 0
942 283 0.37548 0
943 283 0.35783 0
944 283 0.36631 0
945 283 0.35425 0
946 283 0.36432 0
947 283 0.37808 0
948 283 0.37899 0
949 283 0.38242 0
950 289 0.40231 0
951 287 0.36844 0
952 283 0.38834 0
953 288 0.38927 0
954 288 0.39406 0
955 290 0.39665 0
956 293 0.38476 0
957 293 0.38815 0
958 293 0.38541 0
959 293 0.36472 0
960 293 0.39014 0
961 293 0.40315 0
962 293 0.39713 0
963 601 0.42258 0
964 600 0.40835 0
965 600 0.39844 0
966 601 0.39281 0
967 263 0.37027 0
968 263 0.35175 0
969 263 0.33894 0
970 264 0.34261 0
971 272 0.42336 0
972 264 0.34717 0
973 268 0.32327 0
974 269 0.31670 0
975 266 0.30728 0
976 269 0.30234 0
977 265 0.33239 0
978 266 0.31723 0
979 263 0.31372 0
980 251 0.26572 0
981 248 0.25974 0
982 249 0.25921 0
983 251 0.25169 0
984 251 0.24466 0
985 247 0.23567 0
986 251 0.22140 0
987 251 0.22789 0
988 251 0.24763 0
989 253 0.22599 0
990 251 0.22633 0
991 251 0.24112 0
992 251 0.25398 0
993 251 0.26428 0
994 247 0.26018 0
995 252 0.25297 0
996 252 0.25595 0
997 248 0.27360 0
998 247 0.27248 0
999 247 0.28646 0
1000 246 0.29803 0
1001 248 0.30252 0
1002 248 0.31693 0
1003 261 0.34944 0
1004 264 0.35640 0
1005 550 0.42935 0
1006 271 0.40224 0
1007 557 0.42527 0
1008 557 0.42688 0
1009 308 0.42768 0
1010 271 0.41052 0
1011 308 0.42981 0
1012 558 0.44133 0
1013 308 0.45002 0
1014 308 0.46015 0
1015 557 0.47146 0
1016 710 0.44363 0
1017 710 0.46256 0
1018 710 0.47260 0
1019 708 0.44375 0
1020 607 0.48376 0
1021 664 0.52554 0
1022 624 0.48700 0
1023 621 0.41515 0
1024 142 0.54542 0
1025 141 0.54286 0
1026 621 0.40577 0
1027 141 0.55343 0
1028 142 0.55304 0
1029 153 0.52480 0
1030 142 0.55802 0
1031 153 0.52488 0
1032 153 0.53140 0
1033 153 0.52034 0
1034 146 0.54926 0
1035 151 0.53430 0
1036 147 0.54509 0
1037 146 0.53877 0
1038 147 0.53448 0
1039 147 0.53037 0
1040 468 0.54166 0
1041 146 0.56828 0
1042 142 0.57639 0
1043 635 0.56332 0
1044 141 0.55791 0
1045 141 0.54722 0
1046 137 0.55827 0
1047 140 0.55185 0
1048 131 0.54626 0
1049 237 0.47134 0
1050 353 0.61268 0
1051 553 0.52768 0
1052 554 0.49031 0
1053 718 0.41667 0
1054 718 0.40182 0
1055 718 0.37731 0
1056 718 0.35888 0
1057 718 0.34914 0
1058 718 0.31434 0
1059 718 0.31475 0
1060 718 0.31725 0
1061 718 0.31508 0
1062 718 0.32320 0
1063 718 0.34434 0
1064 259 0.42080 0
1065 266 0.41196 0
1066 263 0.40494 0
1067 263 0.38929 0
1068 263 0.40067 0
1069 269 0.39117 0
1070 267 0.42113 0
1071 269 0.41757 0
1072 263 0.39174 0
1073 255 0.38509 0
1074 255 0.38259 0
1075 252 0.35310 0
1076 252 0.35999 0
1077 249 0.35115 0
1078 249 0.33186 0
1079 250 0.34708 0
1080 252 0.32154 0
1081 252 0.30262 0
1082 252 0.27599 0
1083 252 0.27759 0
1084 260 0.33932 0
1085 257 0.30845 0
1086 257 0.29481 0
1087 257 0.27183 0
1088 260 0.29260 0
1089 257 0.27337 0
1090 256 0.28141 0
1091 256 0.27576 0
1092 259 0.26913 0
1093 258 0.25580 0
1094 259 0.27394 0
1095 263 0.27585 0
1096 259 0.26536 0
1097 270 0.30854 0
1098 259 0.29174 0
1099 259 0.30355 0
1100 259 0.31009 0
1101 259 0.32117 0
1102 259 0.31251 0
1103 270 0.30795 0
1104 259 0.30971 0
1105 259 0.32017 0
1106 270 0.30855 0
1107 269 0.34808 0
1108 270 0.33999 0
1109 257 0.36380 0
1110 266 0.35465 0
1111 269 0.37982 0
1112 270 0.35660 0
1113 269 0.35018 0
1114 791 0.34215 0
1115 810 0.30590 0
1116 791 0.33386 0
1117 791 0.34344 0
1118 810 0.34718 0
1119 789 0.36396 0
1120 267 0.50064 0
1121 791 0.34815 0
1122 818 0.36994 0
1123 810 0.32953 0
1124 696 0.32105 0
1125 816 0.31001 0
1126 816 0.30898 0
1127 816 0.31153 0
1128 816 0.30374 0
1129 816 0.31458 0
1130 816 0.31164 0
1131 697 0.30562 0
1132 694 0.25997 0
1133 697 0.26377 0
1134 697 0.27283 0
1135 817 0.32267 0
1136 717 0.31492 0
1137 697 0.28035 0
1138 719 0.32534 0
1139 719 0.33834 0
1140 820 0.30478 0
1141 720 0.34243 0
1142 720 0.33377 0
1143 722 0.30221 0
1144 720 0.33926 0
1145 717 0.33141 0
1146 795 0.33226 0
1147 795 0.34728 0
1148 795 0.34339 0
1149 795 0.34319 0
1150 795 0.41023 0
1151 795 0.40300 0
1152 795 0.37893 0
1153 795 0.38250 0
1154 795 0.38185 0
1155 697 0.34761 0
1156 814 0.34132 0
1157 697 0.35456 0
1158 843 0.40392 0
1159 759 0.38715 0
1160 759 0.35653 0
1161 759 0.33673 0
1162 670 0.38761 0
1163 670 0.38727 0
1164 621 0.38801 0
1165 670 0.39079 0
1166 670 0.39756 0
1167 619 0.39211 0
1168 624 0.40808 0
1169 624 0.40326 0
1170 618 0.37228 0
1171 618 0.35591 0
1172 618 0.36208 0
1173 621 0.37171 0
1174 622 0.36557 0
1175 621 0.36076 0
1176 621 0.36546 0
1177 621 0.35740 0
1178 621 0.34653 0
1179 624 0.34494 0
1180 624 0.35781 0
1181 624 0.36251 0
1182 622 0.34290 0
1183 622 0.36091 0
1184 622 0.34426 0
1185 685 0.37784 0
1186 623 0.37116 0
1187 713 0.36205 0
1188 713 0.36780 0
1189 713 0.38149 0
1190 713 0.36586 0
1191 888 0.35265 0
1192 888 0.36363 0
1193 888 0.36936 0
1194 716 0.37999 0
1195 526 0.41854 0
1196 716 0.40632 0
1197 717 0.39521 0
1198 717 0.41371 0
1199 716 0.45274 0
1200 716 0.43172 0
1201 717 0.41625 0
1202 657 0.49133 0
1203 622 0.48091 0
1204 630 0.43992 0
1205 760 0.44717 0
1206 135 0.42432 0
1207 760 0.40533 0
1208 760 0.40824 0
1209 716 0.42058 0
1210 648 0.40560 0
1211 648 0.38818 0
1212 649 0.41681 0
1213 657 0.48627 0
1214 654 0.41908 0
1215 654 0.40370 0
1216 650 0.40073 0
1217 650 0.40509 0
1218 650 0.39605 0
1219 655 0.40770 0
1220 656 0.40885 0
1221 657 0.39996 0
1222 653 0.40225 0
1223 654 0.40628 0
1224 622 0.41718 0
1225 622 0.41616 0
1226 657 0.43524 0
1227 623 0.40586 0
1228 623 0.39785 0
1229 659 0.41824 0
1230 659 0.41495 0
1231 160 0.40256 0
1232 620 0.40937 0
1233 848 0.40435 0
1234 156 0.38688 0
1235 848 0.36062 0
1236 664 0.32969 0
1237 664 0.31905 0
1238 666 0.34155 0
1239 829 0.32060 0
1240 605 0.32661 0
1241 829 0.31728 0
1242 607 0.35999 0
1243 670 0.35753 0
1244 822 0.29757 0
1245 594 0.34794 0
1246 833 0.31949 0
1247 830 0.30068 0
1248 604 0.30458 0
1249 605 0.28272 0
1250 605 0.25070 0
1251 822 0.26027 0
1252 822 0.28593 0
1253 822 0.30789 0
1254 822 0.29867 0
1255 603 0.31312 0
1256 823 0.30459 0
1257 820 0.31495 0
1258 818 0.30513 0
1259 598 0.28341 0
1260 596 0.30380 0
1261 821 0.28291 0
1262 821 0.27972 0
1263 832 0.30119 0
1264 832 0.28211 0
1265 829 0.30195 0
1266 829 0.33431 0
1267 874 0.32753 0
1268 835 0.32523 0
1269 835 0.37939 0
1270 829 0.31259 0
1271 689 0.34884 0
1272 624 0.35496 0
1273 623 0.36351 0
1274 623 0.35915 0
1275 841 0.34585 0
1276 623 0.37845 0
1277 625 0.38519 0
1278 625 0.39125 0
1279 626 0.43420 0
1280 626 0.43491 0
1281 626 0.43301 0
1282 654 0.43672 0
1283 654 0.45029 0
1284 237 0.46538 0
1285 129 0.45718 0
1286 235 0.41720 0
1287 125 0.44681 0
1288 233 0.38629 0
1289 233 0.41314 0
1290 234 0.41299 0
1291 125 0.46271 0
1292 515 0.50338 0
1293 223 0.53414 0
1294 513 0.48378 0
1295 228 0.39497 0
1296 228 0.39905 0
1297 228 0.40690 0
1298 228 0.42259 0
1299 228 0.40036 0
1300 223 0.46961 0
1301 228 0.42449 0
1302 227 0.42067 0
1303 227 0.41221 0
1304 227 0.43628 0
1305 227 0.42988 0
1306 223 0.42804 0
1307 223 0.45014 0
1308 223 0.43606 0
1309 223 0.44223 0
1310 223 0.45987 0
1311 219 0.47355 0
1312 218 0.47063 0
1313 223 0.49795 0
1314 219 0.42849 0
1315 502 0.46896 0
1316 217 0.49905 0
1317 221 0.49277 0
1318 229 0.47834 0
1319 231 0.47656 0
1320 229 0.46786 0
1321 229 0.47507 0
1322 233 0.47665 0
1323 234 0.45719 0
1324 234 0.46313 0
1325 234 0.47068 0
1326 234 0.48365 0
1327 650 0.44180 0
1328 650 0.45866 0
1329 455 0.40262 0
1330 453 0.37769 0
1331 453 0.38921 0
1332 459 0.37425 0
1333 459 0.40214 0
1334 459 0.39106 0
1335 459 0.39573 0
1336 454 0.36087 0
1337 453 0.37624 0
1338 453 0.35900 0
1339 454 0.35460 0
1340 454 0.36186 0
1341 453 0.40269 0
1342 463 0.40146 0
1343 456 0.37048 0
1344 454 0.36801 0
1345 451 0.36870 0
1346 456 0.38765 0
1347 450 0.38128 0
1348 448 0.35223 0
1349 448 0.36450 0
1350 448 0.38432 0
1351 447 0.38741 0
1352 447 0.37540 0
1353 624 0.42709 0
1354 624 0.42216 0
1355 624 0.41176 0
1356 624 0.42415 0
1357 139 0.43226 0
1358 168 0.47257 0
1359 923 0.44676 0
1360 923 0.43042 0
1361 923 0.40717 0
1362 923 0.40830 0
1363 909 0.42403 0
1364 619 0.42930 0
1365 919 0.42779 0
1366 608 0.42950 0
1367 602 0.40913 0
1368 602 0.39029 0
1369 666 0.41892 0
1370 862 0.42795 0
1371 607 0.43179 0
1372 904 0.42926 0
1373 159 0.43658 0
1374 159 0.44446 0
1375 159 0.45690 0
1376 675 0.45694 0
1377 952 0.45673 0
1378 952 0.43376 0
1379 676 0.44087 0
1380 952 0.43003 0
1381 769 0.42352 0
1382 766 0.41563 0
1383 949 0.39631 0
1384 949 0.39088 0
1385 765 0.37379 0
1386 765 0.38594 0
1387 769 0.39037 0
1388 769 0.41814 0
1389 553 0.48550 0
1390 558 0.44715 0
1391 943 0.39694 0
1392 788 0.36113 0
1393 776 0.61911 0
1394 775 0.36804 0
1395 1064 0.56777 0
1396 784 0.51563 0
1397 775 0.35279 0
1398 775 0.32215 0
1399 775 0.30676 0
1400 1065 0.54449 0
1401 1065 0.53970 0
1402 784 0.55882 0
1403 788 0.35098 0
1404 785 0.57071 0
1405 788 0.31287 0
1406 784 0.58145 0
1407 785 0.57658 0
1408 981 0.30659 0
1409 785 0.59214 0
1410 785 0.58817 0
1411 1070 0.62315 0
1412 786 0.62982 0
1413 786 0.60523 0
1414 255 0.38780 0
1415 255 0.37676 0
1416 255 0.39204 0
1417 255 0.38167 0
1418 255 0.41824 0
1419 263 0.41650 0
1420 263 0.42328 0
1421 256 0.43856 0
1422 291 0.41883 0
1423 291 0.41983 0
1424 271 0.41484 0
1425 291 0.43363 0
1426 961 0.40908 0
1427 961 0.39048 0
1428 295 0.41558 0
1429 293 0.41648 0
1430 292 0.45519 0
1431 1122 0.46209 0
1432 271 0.48527 0
1433 278 0.47505 0
1434 270 0.41174 0
1435 948 0.38196 0
1436 946 0.35999 0
1437 946 0.37972 0
1438 949 0.35348 0
1439 948 0.35385 0
1440 942 0.35657 0
1441 943 0.34469 0
1442 942 0.34291 0
1443 943 0.35270 0
1444 945 0.35723 0
1445 943 0.33754 0
1446 559 0.31467 0
1447 283 0.49795 0
1448 311 0.47635 0
1449 307 0.44636 0
1450 555 0.33372 0
1451 555 0.35847 0
1452 560 0.39116 0
1453 560 0.40560 0
1454 555 0.37475 0
1455 874 0.43236 0
1456 873 0.43425 0
1457 291 0.42854 0
1458 572 0.31935 0
1459 572 0.31822 0
1460 957 0.33633 0
1461 957 0.32503 0
1462 564 0.35009 0
1463 564 0.30764 0
1464 564 0.32975 0
1465 830 0.32484 0
1466 584 0.30726 0
1467 572 0.31859 0
1468 828 0.33439 0
1469 580 0.30007 0
1470 545 0.32991 0
1471 828 0.33885 0
1472 835 0.34711 0
1473 838 0.36756 0
1474 839 0.34992 0
1475 839 0.34971 0
1476 842 0.36610 0
1477 835 0.34083 0
1478 975 0.36864 0
1479 975 0.32728 0
1480 978 0.32186 0
1481 978 0.29804 0
1482 978 0.26968 0
1483 978 0.27149 0
1484 718 0.34606 0
1485 791 0.27637 0
1486 791 0.24742 0
1487 791 0.26356 0
1488 789 0.26220 0
1489 789 0.26881 0
1490 789 0.28730 0
1491 790 0.29733 0
1492 789 0.30274 0
1493 810 0.26633 0
1494 1123 0.32175 0
1495 806 0.29688 0
1496 807 0.28807 0
1497 809 0.28875 0
1498 809 0.25111 0
1499 809 0.26200 0
1500 809 0.27012 0
1501 816 0.26265 0
1502 816 0.27420 0
1503 816 0.31349 0
1504 818 0.33334 0
1505 972 0.28823 0
1506 1145 0.37149 0
1507 974 0.25584 0
1508 1145 0.37074 0
1509 1145 0.38220 0
1510 305 0.40974 0
1511 720 0.34859 0
1512 717 0.32581 0
1513 791 0.29557 0
1514 791 0.27748 0
1515 717 0.32727 0
1516 809 0.29904 0
1517 809 0.31670 0
1518 720 0.32318 0
1519 720 0.33223 0
1520 292 0.34346 0
1521 1121 0.34233 0
1522 810 0.26591 0
1523 810 0.30365 0
1524 1120 0.34161 0
1525 804 0.29205 0
1526 962 0.30188 0
1527 962 0.31370 0
1528 962 0.30253 0
1529 962 0.30316 0
1530 962 0.29143 0
1531 962 0.29749 0
1532 962 0.29510 0
1533 962 0.31811 0
1534 1147 0.40488 0
1535 1143 0.41357 0
1536 720 0.37111 0
1537 793 0.35687 0
1538 793 0.32284 0
1539 720 0.37343 0
1540 975 0.24883 0
1541 305 0.38723 0
1542 306 0.39103 0
1543 977 0.24607 0
1544 977 0.25681 0
1545 995 0.22232 0
1546 765 0.35817 0
1547 978 0.23765 0
1548 791 0.28331 0
1549 283 0.39536 0
1550 791 0.31367 0
1551 790 0.33240 0
1552 793 0.38994 0
1553 795 0.35487 0
1554 759 0.37814 0
1555 1157 0.42637 0
1556 793 0.32257 0
1557 962 0.33994 0
1558 304 0.40570 0
1559 761 0.39222 0
1560 850 0.39740 0
1561 596 0.36621 0
1562 860 0.33185 0
1563 823 0.34445 0
1564 739 0.35880 0
1565 588 0.31369 0
1566 584 0.31377 0
1567 804 0.29729 0
1568 802 0.31129 0
1569 596 0.30316 0
1570 824 0.31619 0
1571 723 0.33583 0
1572 802 0.28905 0
1573 822 0.28284 0
1574 822 0.29674 0
1575 822 0.29178 0
1576 800 0.29538 0
1577 806 0.29653 0
1578 827 0.29953 0
1579 827 0.28296 0
1580 827 0.27265 0
1581 829 0.30969 0
1582 841 0.35748 0
1583 855 0.30749 0
1584 857 0.35824 0
1585 852 0.29904 0
1586 852 0.29887 0
1587 852 0.30874 0
1588 852 0.30244 0
1589 851 0.31871 0
1590 836 0.30638 0
1591 852 0.31209 0
1592 847 0.31612 0
1593 712 0.31523 0
1594 847 0.31510 0
1595 795 0.36613 0
1596 846 0.34037 0
1597 700 0.32510 0
1598 679 0.38629 0
1599 803 0.32330 0
1600 598 0.30609 0
1601 701 0.29524 0
1602 876 0.31285 0
1603 598 0.28541 0
1604 598 0.26762 0
1605 596 0.28751 0
1606 834 0.28527 0
1607 835 0.27825 0
1608 833 0.25976 0
1609 833 0.26855 0
1610 835 0.27039 0
1611 835 0.27497 0
1612 665 0.30963 0
1613 829 0.29749 0
1614 830 0.28194 0
1615 831 0.28180 0
1616 847 0.30607 0
1617 720 0.31675 0
1618 847 0.28420 0
1619 842 0.25282 0
1620 842 0.26097 0
1621 842 0.27550 0
1622 842 0.28060 0
1623 847 0.31047 0
1624 847 0.30158 0
1625 839 0.26283 0
1626 713 0.29227 0
1627 839 0.26140 0
1628 840 0.25459 0
1629 840 0.26027 0
1630 835 0.27732 0
1631 835 0.31011 0
1632 840 0.28520 0
1633 842 0.31703 0
1634 841 0.29102 0
1635 841 0.27892 0
1636 825 0.34361 0
1637 825 0.32753 0
1638 825 0.32281 0
1639 826 0.33870 0
1640 825 0.33475 0
1641 825 0.35690 0
1642 822 0.36170 0
1643 971 0.37616 0
1644 968 0.38993 0
1645 822 0.34441 0
1646 1124 0.42179 0
1647 802 0.41688 0
1648 1249 0.44817 0
1649 1249 0.37502 0
1650 736 0.37858 0
1651 579 0.28784 0
1652 966 0.37071 0
1653 700 0.31609 0
1654 680 0.33681 0
1655 556 0.41503 0
1656 563 0.39457 0
1657 700 0.31302 0
1658 562 0.40250 0
1659 563 0.37932 0
1660 555 0.39221 0
1661 961 0.60713 0
1662 1088 0.62807 0
1663 560 0.35532 0
1664 563 0.33823 0
1665 559 0.36535 0
1666 559 0.36465 0
1667 960 0.37268 0
1668 563 0.34703 0
1669 563 0.33865 0
1670 563 0.33804 0
1671 563 0.33335 0
1672 830 0.31376 0
1673 835 0.29778 0
1674 834 0.28433 0
1675 822 0.35967 0
1676 1249 0.36857 0
1677 1250 0.33494 0
1678 1251 0.33911 0
1679 1250 0.34342 0
1680 1250 0.35000 0
1681 1250 0.36868 0
1682 1251 0.38999 0
1683 1250 0.38454 0
1684 1250 0.38195 0
1685 1250 0.39385 0
1686 1253 0.39269 0
1687 817 0.47813 0
1688 553 0.43495 0
1689 559 0.37678 0
1690 559 0.38140 0
1691 558 0.40128 0
1692 1390 0.36579 0
1693 554 0.39927 0
1694 552 0.39524 0
1695 558 0.39333 0
1696 1068 0.42429 0
1697 1135 0.38543 0
1698 1003 0.53282 0
1699 782 0.31321 0
1700 996 0.27513 0
1701 996 0.26483 0
1702 996 0.27561 0
1703 995 0.29774 0
1704 787 0.32554 0
1705 790 0.30753 0
1706 787 0.32347 0
1707 789 0.38195 0
1708 790 0.39624 0
1709 842 0.39275 0
1710 959 0.36164 0
1711 793 0.44709 0
1712 1113 0.46517 0
1713 962 0.38704 0
1714 820 0.37908 0
1715 962 0.40906 0
1716 817 0.38217 0
1717 1110 0.39644 0
1718 1109 0.38655 0
1719 1109 0.39793 0
1720 1112 0.39258 0
1721 1113 0.40913 0
1722 961 0.37922 0
1723 962 0.37123 0
1724 961 0.39143 0
1725 1157 0.35709 0
1726 1158 0.34856 0
1727 790 0.44466 0
1728 792 0.39715 0
1729 791 0.38429 0
1730 791 0.39570 0
1731 790 0.39487 0
1732 788 0.37480 0
1733 788 0.34664 0
1734 788 0.32820 0
1735 788 0.31407 0
1736 1064 0.32766 0
1737 1062 0.28977 0
1738 780 0.30765 0
1739 781 0.28087 0
1740 780 0.26865 0
1741 781 0.25854 0
1742 781 0.25734 0
1743 780 0.24351 0
1744 781 0.25392 0
1745 779 0.24633 0
1746 781 0.23458 0
1747 779 0.23682 0
1748 780 0.24051 0
1749 780 0.22373 0
1750 778 0.22766 0
1751 778 0.25839 0
1752 780 0.23817 0
1753 778 0.25978 0
1754 778 0.26235 0
1755 778 0.26727 0
1756 775 0.28734 0
1757 775 0.30013 0
1758 774 0.32040 0
1759 1446 0.38152 0
1760 1053 0.41217 0
1761 1053 0.38938 0
1762 1053 0.40547 0
1763 772 0.37589 0
1764 772 0.38924 0
1765 772 0.39369 0
1766 772 0.39374 0
1767 1051 0.39819 0
1768 1018 0.45228 0
1769 1018 0.43307 0
1770 1018 0.43581 0
1771 1018 0.43061 0
1772 1018 0.42972 0
1773 1020 0.43188 0
1774 1020 0.40939 0
1775 1019 0.42419 0
1776 1020 0.43055 0
1777 1020 0.43058 0
1778 1019 0.45328 0
1779 1166 0.51423 0
1780 904 0.48128 0
1781 607 0.47808 0
1782 903 0.50509 0
1783 829 0.44270 0
1784 813 0.47865 0
1785 903 0.48592 0
1786 816 0.42989 0
1787 816 0.40321 0
1788 826 0.38656 0
1789 1268 0.41796 0
1790 1165 0.40424 0
1791 806 0.33995 0
1792 807 0.35355 0
1793 689 0.33401 0
1794 821 0.37632 0
1795 686 0.34710 0
1796 689 0.36936 0
1797 687 0.36650 0
1798 686 0.36120 0
1799 709 0.38408 0
1800 685 0.36105 0
1801 792 0.40212 0
1802 794 0.38796 0
1803 792 0.40745 0
1804 718 0.40573 0
1805 780 0.37775 0
1806 1005 0.42348 0
1807 776 0.39656 0
1808 776 0.38009 0
1809 776 0.36915 0
1810 778 0.32136 0
1811 778 0.31043 0
1812 781 0.29360 0
1813 778 0.30419 0
1814 778 0.26055 0
1815 778 0.25671 0
1816 778 0.26022 0
1817 778 0.26721 0
1818 778 0.25453 0
1819 782 0.27059 0
1820 783 0.26706 0
1821 782 0.24802 0
1822 781 0.25696 0
1823 783 0.22885 0
1824 781 0.21093 0
1825 782 0.19982 0
1826 782 0.22271 0
1827 778 0.22083 0
1828 778 0.22079 0
1829 778 0.21831 0
1830 778 0.22198 0
1831 778 0.20720 0
1832 778 0.20919 0
1833 778 0.19523 0
1834 778 0.20292 0
1835 778 0.18932 0
1836 778 0.20191 0
1837 778 0.20569 0
1838 781 0.22766 0
1839 778 0.20303 0
1840 778 0.19203 0
1841 781 0.21271 0
1842 780 0.22316 0
1843 781 0.21307 0
1844 780 0.21304 0
1845 778 0.20091 0
1846 778 0.19754 0
1847 778 0.19739 0
1848 778 0.20259 0
1849 778 0.19451 0
1850 778 0.19219 0
1851 778 0.20420 0
1852 781 0.23246 0
1853 781 0.23133 0
1854 778 0.21142 0
1855 778 0.20717 0
1856 778 0.19610 0
1857 778 0.20562 0
1858 781 0.21586 0
1859 778 0.20097 0
1860 778 0.20675 0
1861 778 0.20684 0
1862 778 0.21163 0
1863 778 0.20435 0
1864 778 0.21229 0
1865 781 0.20353 0
1866 781 0.20108 0
1867 778 0.20223 0
1868 778 0.21770 0
1869 778 0.19971 0
1870 778 0.19794 0
1871 778 0.20847 0
1872 778 0.18811 0
1873 778 0.20868 0
1874 778 0.22204 0
1875 778 0.20730 0
1876 778 0.23021 0
1877 778 0.22829 0
1878 778 0.22414 0
1879 778 0.23632 0
1880 778 0.23725 0
1881 778 0.24392 0
1882 778 0.23758 0
1883 782 0.31215 0
1884 778 0.28145 0
1885 778 0.25947 0
1886 782 0.32168 0
1887 778 0.29765 0
1888 782 0.34327 0
1889 994 0.33436 0
1890 778 0.28617 0
1891 782 0.34209 0
1892 783 0.32846 0
1893 782 0.31499 0
1894 783 0.30756 0
1895 783 0.30583 0
1896 782 0.30653 0
1897 782 0.31636 0
1898 782 0.31810 0
1899 778 0.28153 0
1900 782 0.32430 0
1901 778 0.26626 0
1902 780 0.30350 0
1903 778 0.28252 0
1904 778 0.28160 0
1905 780 0.29349 0
1906 778 0.28067 0
1907 778 0.29172 0
1908 778 0.29667 0
1909 778 0.28900 0
1910 778 0.27132 0
1911 778 0.29966 0
1912 778 0.31879 0
1913 783 0.37432 0
1914 778 0.31086 0
1915 778 0.33157 0
1916 778 0.30876 0
1917 778 0.32982 0
1918 781 0.30519 0
1919 781 0.29810 0
1920 780 0.30796 0
1921 778 0.29314 0
1922 778 0.30678 0
1923 780 0.30776 0
1924 778 0.30435 0
1925 778 0.28493 0
1926 778 0.29004 0
1927 778 0.30141 0
1928 778 0.28412 0
1929 778 0.30676 0
1930 778 0.30000 0
1931 778 0.29870 0
1932 778 0.31768 0
1933 778 0.29704 0
1934 778 0.30861 0
1935 778 0.30657 0
1936 778 0.29821 0
1937 778 0.28869 0
1938 778 0.27972 0
1939 781 0.24725 0
1940 781 0.26050 0
1941 780 0.25961 0
1942 778 0.26777 0
1943 778 0.26805 0
1944 782 0.28282 0
1945 780 0.28831 0
1946 782 0.28466 0
1947 780 0.29541 0
1948 782 0.28588 0
1949 780 0.28879 0
1950 782 0.28278 0
1951 780 0.27379 0
1952 781 0.24956 0
1953 781 0.27126 0
1954 781 0.27220 0
1955 781 0.27094 0
1956 781 0.24907 0
1957 776 0.25167 0
1958 778 0.26528 0
1959 781 0.25517 0
1960 778 0.23096 0
1961 778 0.23080 0
1962 778 0.23050 0
1963 778 0.24601 0
1964 782 0.23454 0
1965 782 0.23943 0
1966 780 0.24490 0
1967 780 0.23431 0
1968 783 0.20855 0
1969 778 0.22101 0
1970 780 0.21368 0
1971 780 0.21845 0
1972 778 0.21073 0
1973 778 0.20167 0
1974 778 0.19369 0
1975 779 0.19888 0
1976 779 0.21616 0
1977 779 0.19995 0
1978 776 0.20394 0
1979 777 0.19226 0
1980 777 0.18719 0
1981 777 0.20148 0
1982 774 0.20872 0
1983 775 0.21185 0
1984 774 0.20000 0
1985 774 0.19281 0
1986 774 0.20785 0
1987 774 0.22005 0
1988 774 0.20917 0
1989 774 0.21312 0
1990 772 0.21624 0
1991 772 0.22246 0
1992 1013 0.27859 0
1993 1013 0.28372 0
1994 770 0.25956 0
1995 770 0.26665 0
1996 769 0.28421 0
1997 769 0.29212 0
1998 768 0.32877 0
1999 766 0.34108 0
2000 1024 0.27770 0
2001 764 0.37777 0
2002 1176 0.37019 0
2003 1027 0.32206 0
2004 1029 0.32322 0
2005 912 0.46362 0
2006 909 0.42832 0
2007 1164 0.37865 0
2008 915 0.41835 0
2009 1164 0.40116 0
2010 915 0.43539 0
2011 916 0.41252 0
2012 916 0.40054 0
2013 903 0.44201 0
2014 1177 0.41593 0
2015 906 0.40815 0
2016 1177 0.39755 0
2017 899 0.37558 0
2018 899 0.37771 0
2019 897 0.36760 0
2020 892 0.35854 0
2021 1706 0.39334 0
2022 1706 0.38116 0
2023 718 0.37133 0
2024 718 0.35107 0
2025 718 0.33133 0
2026 718 0.33725 0
2027 719 0.33078 0
2028 718 0.31664 0
2029 718 0.31841 0
2030 718 0.31226 0
2031 718 0.29243 0
2032 718 0.29220 0
2033 718 0.27342 0
2034 718 0.29887 0
2035 718 0.29160 0
2036 718 0.30301 0
2037 719 0.31207 0
2038 718 0.32796 0
2039 793 0.35277 0
2040 792 0.32901 0
2041 794 0.35340 0
2042 793 0.36073 0
2043 1153 0.30786 0
2044 1154 0.29440 0
2045 1157 0.30933 0
2046 1157 0.30325 0
2047 1498 0.30866 0
2048 1498 0.31321 0
2049 868 0.29957 0
2050 868 0.30464 0
2051 802 0.32423 0
2052 1502 0.33691 0
2053 809 0.32884 0
2054 807 0.33416 0
2055 804 0.31435 0
2056 753 0.29518 0
2057 753 0.29682 0
2058 754 0.27271 0
2059 754 0.28255 0
2060 753 0.28490 0
2061 753 0.30143 0
2062 753 0.30196 0
2063 749 0.26154 0
2064 809 0.30200 0
2065 748 0.26935 0
2066 748 0.26670 0
2067 748 0.27825 0
2068 753 0.32271 0
2069 1668 0.40701 0
2070 753 0.32639 0
2071 1667 0.38104 0
2072 722 0.38488 0
2073 755 0.36549 0
2074 803 0.32170 0
2075 722 0.39015 0
2076 1669 0.41106 0
2077 1568 0.38976 0
2078 1641 0.43587 0
2079 1155 0.33947 0
2080 1155 0.33442 0
2081 1157 0.32645 0
2082 1154 0.38356 0
2083 869 0.35999 0
2084 868 0.30115 0
2085 869 0.34582 0
2086 829 0.30343 0
2087 829 0.28984 0
2088 739 0.26865 0
2089 829 0.30308 0
2090 831 0.31523 0
2091 588 0.33026 0
2092 603 0.32810 0
2093 605 0.31917 0
2094 1573 0.32772 0
2095 800 0.30327 0
2096 1572 0.27010 0
2097 723 0.31342 0
2098 804 0.31105 0
2099 1589 0.37138 0
2100 685 0.41219 0
2101 893 0.37256 0
2102 1554 0.32607 0
2103 809 0.31070 0
2104 813 0.32065 0
2105 809 0.27485 0
2106 872 0.31550 0
2107 814 0.28974 0
2108 814 0.29756 0
2109 1787 0.43795 0
2110 1557 0.38439 0
2111 1786 0.44777 0
2112 1786 0.45407 0
2113 1504 0.38806 0
2114 1787 0.41089 0
2115 1787 0.41889 0
2116 1786 0.43204 0
2117 1780 0.44817 0
2118 1782 0.44734 0
2119 1782 0.45780 0
2120 1633 0.32621 0
2121 1504 0.34647 0
2122 1508 0.30555 0
2123 1148 0.33156 0
2124 975 0.28698 0
2125 1508 0.30399 0
2126 814 0.28434 0
2127 1507 0.29490 0
2128 1507 0.29061 0
2129 1507 0.31576 0
2130 874 0.31075 0
2131 1504 0.33843 0
2132 1504 0.35067 0
2133 1557 0.34921 0
2134 815 0.29133 0
2135 871 0.32467 0
2136 815 0.29066 0
2137 815 0.26887 0
2138 814 0.27425 0
2139 807 0.29227 0
2140 807 0.28925 0
2141 807 0.30353 0
2142 795 0.28701 0
2143 1501 0.26956 0
2144 813 0.27661 0
2145 816 0.25999 0
2146 819 0.26934 0
2147 819 0.28075 0
2148 808 0.28631 0
2149 804 0.28448 0
2150 1503 0.30594 0
2151 599 0.27230 0
2152 1603 0.30853 0
2153 1605 0.30769 0
2154 820 0.30173 0
2155 596 0.27039 0
2156 830 0.26791 0
2157 821 0.31166 0
2158 834 0.28820 0
2159 830 0.33526 0
2160 1528 0.29773 0
2161 1632 0.28437 0
2162 1530 0.29540 0
2163 1527 0.30139 0
2164 1529 0.30622 0
2165 1529 0.30878 0
2166 1686 0.41715 0
2167 1675 0.37626 0
2168 1685 0.37946 0
2169 1652 0.39226 0
2170 1526 0.32196 0
2171 1535 0.33095 0
2172 820 0.35371 0
2173 819 0.31276 0
2174 819 0.31156 0
2175 1530 0.30604 0
2176 1530 0.29989 0
2177 816 0.29434 0
2178 1530 0.29610 0
2179 813 0.30497 0
2180 1503 0.29479 0
2181 1530 0.31677 0
2182 1509 0.32348 0
2183 1531 0.34188 0
2184 1552 0.32438 0
2185 1552 0.32570 0
2186 1528 0.31753 0
2187 1552 0.32850 0
2188 815 0.32322 0
2189 1556 0.32074 0
2190 1502 0.28606 0
2191 1526 0.31882 0
2192 816 0.32544 0
2193 1528 0.31825 0
2194 1528 0.30621 0
2195 1498 0.26014 0
2196 1498 0.24453 0
2197 1528 0.27926 0
2198 1498 0.23282 0
2199 1498 0.23325 0
2200 1498 0.24014 0
2201 1499 0.26699 0
2202 1527 0.26943 0
2203 1528 0.25510 0
2204 1530 0.26456 0
2205 1527 0.24781 0
2206 1527 0.23389 0
2207 972 0.22250 0
2208 1544 0.27638 0
2209 1005 0.26320 0
2210 1528 0.25566 0
2211 1542 0.26795 0
2212 1544 0.23954 0
2213 1551 0.25548 0
2214 1551 0.24281 0
2215 1543 0.25196 0
2216 1543 0.23553 0
2217 1544 0.21463 0
2218 1544 0.21483 0
2219 1544 0.22787 0
2220 1544 0.22003 0
2221 1545 0.20293 0
2222 1545 0.23597 0
2223 1545 0.22298 0
2224 1544 0.26438 0
2225 1544 0.26619 0
2226 1509 0.30656 0
2227 1511 0.32057 0
2228 1509 0.29853 0
2229 1534 0.29233 0
2230 1534 0.28494 0
2231 965 0.28852 0
2232 1549 0.28525 0
2233 962 0.30171 0
2234 1528 0.26906 0
2235 1529 0.27344 0
2236 962 0.26231 0
2237 962 0.24849 0
2238 1528 0.24130 0
2239 806 0.28662 0
2240 1503 0.26285 0
2241 1528 0.25824 0
2242 819 0.30026 0
2243 809 0.25997 0
2244 809 0.26719 0
2245 809 0.27304 0
2246 799 0.27223 0
2247 1533 0.29114 0
2248 809 0.27819 0
2249 829 0.28194 0
2250 1576 0.23918 0
2251 1498 0.27023 0
2252 829 0.27991 0
2253 1567 0.25806 0
2254 1569 0.24026 0
2255 1570 0.25126 0
2256 1568 0.25930 0
2257 1568 0.31876 0
2258 166 0.38722 0
2259 1565 0.28824 0
2260 742 0.34159 0
2261 1565 0.27301 0
2262 595 0.36179 0
2263 1614 0.39065 0
2264 863 0.37583 0
2265 607 0.37723 0
2266 735 0.33602 0
2267 734 0.31734 0
2268 735 0.30821 0
2269 742 0.30030 0
2270 734 0.30103 0
2271 738 0.31551 0
2272 578 0.31266 0
2273 734 0.27565 0
2274 600 0.26347 0
2275 734 0.26074 0
2276 728 0.26643 0
2277 600 0.26802 0
2278 726 0.27329 0
2279 830 0.26560 0
2280 830 0.24016 0
2281 593 0.28290 0
2282 1603 0.28423 0
2283 1570 0.26397 0
2284 596 0.28962 0
2285 1604 0.29745 0
2286 1570 0.28034 0
2287 568 0.32425 0
2288 852 0.33265 0
2289 596 0.30471 0
2290 1610 0.29603 0
2291 595 0.32903 0
2292 1534 0.25012 0
2293 1145 0.34358 0
2294 1560 0.26889 0
2295 1527 0.21306 0
2296 806 0.32758 0
2297 1576 0.28889 0
2298 577 0.31680 0
2299 1630 0.34194 0
2300 847 0.39234 0
2301 850 0.37412 0
2302 1560 0.29380 0
2303 1561 0.28796 0
2304 602 0.31014 0
2305 588 0.33155 0
2306 858 0.37102 0
2307 588 0.36326 0
2308 588 0.35529 0
2309 595 0.33384 0
2310 608 0.32576 0
2311 597 0.34443 0
2312 605 0.31783 0
2313 605 0.29605 0
2314 605 0.30500 0
2315 605 0.29817 0
2316 848 0.36589 0
2317 606 0.33839 0
2318 604 0.34763 0
2319 607 0.32491 0
2320 607 0.32558 0
2321 598 0.30112 0
2322 598 0.31803 0
2323 599 0.29209 0
2324 599 0.29116 0
2325 604 0.34357 0
2326 600 0.31169 0
2327 1561 0.28425 0
2328 1561 0.27606 0
2329 1561 0.26903 0
2330 594 0.33199 0
2331 596 0.35005 0
2332 1564 0.31924 0
2333 1568 0.31544 0
2334 1565 0.30662 0
2335 621 0.31311 0
2336 847 0.32990 0
2337 829 0.34108 0
2338 1568 0.32010 0
2339 1568 0.32462 0
2340 828 0.36125 0
2341 868 0.36602 0
2342 863 0.42590 0
2343 865 0.38791 0
2344 834 0.36048 0
2345 862 0.35409 0
2346 863 0.36341 0
2347 1370 0.38917 0
2348 606 0.36965 0
2349 907 0.39136 0
2350 904 0.37034 0
2351 904 0.36902 0
2352 908 0.38071 0
2353 904 0.37886 0
2354 904 0.39219 0
2355 620 0.34735 0
2356 607 0.38010 0
2357 617 0.37526 0
2358 607 0.37657 0
2359 620 0.31682 0
2360 620 0.33149 0
2361 1625 0.28389 0
2362 1504 0.33285 0
2363 603 0.32937 0
2364 1626 0.29887 0
2365 973 0.32697 0
2366 1626 0.30138 0
2367 842 0.32214 0
2368 1557 0.29051 0
2369 1557 0.29317 0
2370 1557 0.29157 0
2371 1554 0.29304 0
2372 830 0.27609 0
2373 1557 0.25438 0
2374 1558 0.25658 0
2375 1558 0.25050 0
2376 1558 0.26910 0
2377 1571 0.25930 0
2378 1557 0.25911 0
2379 1557 0.25121 0
2380 695 0.30433 0
2381 1518 0.28910 0
2382 1503 0.25967 0
2383 1503 0.27543 0
2384 697 0.36897 0
2385 795 0.27641 0
2386 806 0.33434 0
2387 797 0.26718 0
2388 797 0.27230 0
2389 595 0.31853 0
2390 820 0.33886 0
2391 795 0.25944 0
2392 795 0.29941 0
2393 1557 0.30054 0
2394 872 0.33054 0
2395 810 0.31707 0
2396 1498 0.26076 0
2397 1528 0.30500 0
2398 1575 0.26688 0
2399 1575 0.27617 0
2400 1577 0.31107 0
2401 1503 0.31994 0
2402 1583 0.27988 0
2403 1583 0.28121 0
2404 1583 0.28746 0
2405 1583 0.29948 0
2406 1583 0.32249 0
2407 595 0.32757 0
2408 1563 0.31981 0
2409 830 0.36868 0
2410 1583 0.33797 0
2411 1568 0.33977 0
2412 1568 0.33792 0
2413 1568 0.31427 0
2414 1568 0.31748 0
2415 1568 0.33495 0
2416 1670 0.40420 0
2417 1670 0.39994 0
2418 604 0.36524 0
2419 1574 0.29781 0
2420 603 0.35195 0
2421 1632 0.36909 0
2422 1673 0.40252 0
2423 834 0.42846 0
2424 1580 0.37055 0
2425 1672 0.38609 0
2426 1573 0.35203 0
2427 2076 0.38183 0
2428 2070 0.38043 0
2429 2084 0.35656 0
2430 2084 0.39451 0
2431 1459 0.37886 0
2432 1457 0.37446 0
2433 1457 0.35931 0
2434 1467 0.30402 0
2435 1467 0.32719 0
2436 576 0.32907 0
2437 588 0.33233 0
2438 576 0.33033 0
2439 588 0.34850 0
2440 1466 0.37089 0
2441 588 0.35330 0
2442 573 0.36437 0
2443 565 0.34127 0
2444 564 0.36035 0
2445 576 0.36972 0
2446 1568 0.36424 0
2447 1575 0.36152 0
2448 1573 0.36219 0
2449 1573 0.37957 0
2450 1573 0.37410 0
2451 1573 0.36930 0
2452 1568 0.37416 0
2453 1568 0.39046 0
2454 797 0.39549 0
2455 797 0.40500 0
2456 293 0.37444 0
2457 2142 0.38063 0
2458 821 0.43816 0
2459 2146 0.39773 0
2460 294 0.37173 0
2461 534 0.38205 0
2462 534 0.38777 0
2463 2104 0.40457 0
2464 298 0.42345 0
2465 688 0.37822 0
2466 296 0.42124 0
2467 688 0.39962 0
2468 2142 0.38420 0
2469 2141 0.37192 0
2470 1551 0.40393 0
2471 1512 0.42154 0
2472 1517 0.37483 0
2473 1518 0.35396 0
2474 1518 0.32680 0
2475 1518 0.32493 0
2476 2144 0.27126 0
2477 1518 0.32828 0
2478 2143 0.27454 0
2479 2143 0.28323 0
2480 1528 0.31622 0
2481 2144 0.27133 0
2482 1528 0.29753 0
2483 2143 0.28768 0
2484 2142 0.30848 0
2485 1110 0.39463 0
2486 1108 0.40384 0
2487 1108 0.39491 0
2488 1105 0.37458 0
2489 1715 0.38442 0
2490 1715 0.39043 0
2491 1434 0.40758 0
2492 2182 0.33926 0
2493 1432 0.38352 0
2494 1432 0.39211 0
2495 1430 0.39954 0
2496 1429 0.37166 0
2497 1432 0.38215 0
2498 1724 0.43224 0
2499 2137 0.51963 0
2500 791 0.51801 0
2501 709 0.36247 0
2502 707 0.38858 0
2503 1528 0.31641 0
2504 704 0.32025 0
2505 708 0.34362 0
2506 1697 0.35509 0
2507 880 0.35436 0
2508 880 0.30818 0
2509 697 0.25310 0
2510 697 0.23558 0
2511 887 0.29410 0
2512 697 0.24873 0
2513 794 0.30930 0
2514 697 0.25817 0
2515 889 0.30907 0
2516 889 0.30394 0
2517 1123 0.36865 0
2518 1123 0.36776 0
2519 1521 0.33189 0
2520 1521 0.32339 0
2521 2053 0.34899 0
2522 2057 0.29731 0
2523 2057 0.29452 0
2524 1428 0.32380 0
2525 873 0.34933 0
2526 1467 0.38284 0
2527 571 0.27181 0
2528 2060 0.28342 0
2529 572 0.27862 0
2530 569 0.27807 0
2531 1637 0.31778 0
2532 1636 0.32788 0
2533 1574 0.33091 0
2534 569 0.29038 0
2535 568 0.27696 0
2536 1636 0.31135 0
2537 1636 0.32188 0
2538 1636 0.33711 0
2539 2061 0.35094 0
2540 2062 0.35099 0
2541 584 0.31797 0
2542 1636 0.37102 0
2543 2092 0.40002 0
2544 583 0.32871 0
2545 1681 0.40069 0
2546 2076 0.41690 0
2547 2076 0.44039 0
2548 1681 0.40298 0
2549 1680 0.37328 0
2550 2088 0.43106 0
2551 411 0.54511 0
2552 398 0.52021 0
2553 394 0.50954 0
2554 392 0.48064 0
2555 395 0.49406 0
2556 203 0.44405 0
2557 392 0.46825 0
2558 394 0.46527 0
2559 394 0.45637 0
2560 907 0.43614 0
2561 907 0.41689 0
2562 908 0.38869 0
2563 392 0.41651 0
2564 908 0.37382 0
2565 907 0.40739 0
2566 2005 0.46297 0
2567 2005 0.45586 0
2568 2006 0.44894 0
2569 2005 0.43985 0
2570 2005 0.42481 0
2571 2005 0.43355 0
2572 147 0.45587 0
2573 147 0.44909 0
2574 2003 0.50107 0
2575 1027 0.47169 0
2576 621 0.37283 0
2577 621 0.34631 0
2578 1028 0.47361 0
2579 1176 0.43175 0
2580 1176 0.44635 0
2581 621 0.43013 0
2582 2130 0.45427 0
2583 841 0.31312 0
2584 841 0.32231 0
2585 841 0.30310 0
2586 877 0.32222 0
2587 688 0.32219 0
2588 688 0.30611 0
2589 877 0.30477 0
2590 690 0.31761 0
2591 877 0.33094 0
2592 877 0.32199 0
2593 813 0.30906 0
2594 814 0.27733 0
2595 816 0.28367 0
2596 813 0.29542 0
2597 813 0.30344 0
2598 813 0.29738 0
2599 813 0.30259 0
2600 813 0.30977 0
2601 2110 0.33819 0
2602 2113 0.31007 0
2603 2110 0.31620 0
2604 2110 0.30784 0
2605 2110 0.32215 0
2606 2108 0.32068 0
2607 2109 0.33016 0
2608 2115 0.34280 0
2609 2162 0.32888 0
2610 2162 0.29597 0
2611 2162 0.29159 0
2612 2162 0.30231 0
2613 2120 0.33285 0
2614 2113 0.33245 0
2615 2120 0.35501 0
2616 2166 0.34279 0
2617 1244 0.32405 0
2618 2099 0.35482 0
2619 2102 0.33997 0
2620 2102 0.33539 0
2621 2297 0.37244 0
2622 2101 0.36738 0
2623 2101 0.37211 0
2624 2099 0.33859 0
2625 2099 0.35781 0
2626 621 0.34278 0
2627 2099 0.35893 0
2628 621 0.36958 0
2629 861 0.34294 0
2630 150 0.28553 0
2631 415 0.37807 0
2632 837 0.40212 0
2633 619 0.38764 0
2634 419 0.38132 0
2635 147 0.30167 0
2636 147 0.33460 0
2637 419 0.40826 0
2638 149 0.31918 0
2639 149 0.32735 0
2640 146 0.33167 0
2641 147 0.33439 0
2642 146 0.34312 0
2643 655 0.39270 0
2644 140 0.39621 0
2645 144 0.34535 0
2646 649 0.39136 0
2647 610 0.39232 0
2648 167 0.39653 0
2649 144 0.42722 0
2650 648 0.40757 0
2651 404 0.45003 0
2652 648 0.41798 0
2653 398 0.43802 0
2654 907 0.44745 0
2655 398 0.46355 0
2656 203 0.43621 0
2657 203 0.45864 0
2658 203 0.46714 0
2659 398 0.51889 0
2660 401 0.50952 0
2661 197 0.49163 0
2662 396 0.53511 0
2663 409 0.44992 0
2664 402 0.43319 0
2665 404 0.41430 0
2666 403 0.41635 0
2667 410 0.51509 0
2668 2355 0.43722 0
2669 2355 0.43312 0
2670 2356 0.40661 0
2671 2355 0.37961 0
2672 2095 0.44104 0
2673 2094 0.44610 0
2674 1625 0.43058 0
2675 2361 0.36439 0
2676 2094 0.43460 0
2677 2093 0.45428 0
2678 1625 0.39192 0
2679 2355 0.40156 0
2680 1625 0.39712 0
2681 2357 0.41343 0
2682 1176 0.41863 0
2683 621 0.37368 0
2684 1178 0.42768 0
2685 761 0.40403 0
2686 623 0.39517 0
2687 1227 0.42453 0
2688 1375 0.43912 0
2689 905 0.46142 0
2690 759 0.33249 0
2691 763 0.39416 0
2692 763 0.40410 0
2693 1622 0.38231 0
2694 1371 0.43606 0
2695 2355 0.35399 0
2696 2355 0.33498 0
2697 1632 0.34305 0
2698 1632 0.35266 0
2699 1577 0.32913 0
2700 2361 0.31275 0
2701 2361 0.32737 0
2702 2400 0.32208 0
2703 2361 0.32022 0
2704 2361 0.32624 0
2705 2361 0.34825 0
2706 1625 0.35039 0
2707 1625 0.35290 0
2708 1625 0.35211 0
2709 1617 0.29858 0
2710 1625 0.35785 0
2711 1617 0.34813 0
2712 1617 0.33871 0
2713 1379 0.40093 0
2714 1385 0.40860 0
2715 1385 0.42673 0
2716 1385 0.43016 0
2717 1233 0.45489 0
2718 1622 0.31159 0
2719 1622 0.33501 0
2720 1621 0.34890 0
2721 1555 0.34209 0
2722 622 0.37150 0
2723 622 0.35087 0
2724 622 0.34608 0
2725 622 0.35241 0
2726 620 0.39510 0
2727 620 0.40288 0
2728 620 0.37824 0
2729 2350 0.38912 0
2730 149 0.36288 0
2731 1370 0.40112 0
2732 149 0.35951 0
2733 612 0.39902 0
2734 1363 0.40126 0
2735 1368 0.39094 0
2736 620 0.34420 0
2737 620 0.35087 0
2738 620 0.35057 0
2739 170 0.33113 0
2740 170 0.32045 0
2741 170 0.33434 0
2742 167 0.34789 0
2743 166 0.31545 0
2744 659 0.39496 0
2745 167 0.31243 0
2746 166 0.32927 0
2747 1230 0.39543 0
2748 405 0.39930 0
2749 848 0.35980 0
2750 848 0.37507 0
2751 848 0.36946 0
2752 658 0.44554 0
2753 898 0.39518 0
2754 847 0.35097 0
2755 1620 0.33642 0
2756 1620 0.34748 0
2757 1621 0.37042 0
2758 904 0.40970 0
2759 900 0.39548 0
2760 899 0.39567 0
2761 2140 0.35433 0
2762 2119 0.38623 0
2763 2193 0.33812 0
2764 2193 0.33198 0
2765 2193 0.34163 0
2766 2134 0.32320 0
2767 2198 0.27351 0
2768 2198 0.28437 0
2769 2198 0.28749 0
2770 2401 0.33410 0
2771 2400 0.32448 0
2772 2402 0.35943 0
2773 2400 0.34473 0
2774 2142 0.32775 0
2775 2142 0.33086 0
2776 2141 0.32561 0
2777 2141 0.32851 0
2778 1551 0.35323 0
2779 1551 0.35047 0
2780 712 0.34061 0
2781 712 0.35506 0
2782 1486 0.36773 0
2783 1483 0.39143 0
2784 1548 0.33279 0
2785 1548 0.30927 0
2786 1548 0.29545 0
2787 1546 0.32492 0
2788 2121 0.40258 0
2789 720 0.31005 0
2790 720 0.31999 0
2791 2097 0.34121 0
2792 2362 0.35546 0
2793 2394 0.31670 0
2794 2394 0.29739 0
2795 2394 0.29977 0
2796 599 0.28967 0
2797 2327 0.28204 0
2798 2327 0.28358 0
2799 602 0.29030 0
2800 2322 0.31401 0
2801 1791 0.39510 0
2802 1791 0.39469 0
2803 1790 0.39361 0
2804 2362 0.31922 0
2805 2122 0.30671 0
2806 2365 0.34243 0
2807 2152 0.27115 0
2808 2151 0.27270 0
2809 2147 0.26377 0
2810 2147 0.25679 0
2811 2151 0.26120 0
2812 816 0.27829 0
2813 816 0.26361 0
2814 816 0.24707 0
2815 816 0.25606 0
2816 871 0.26622 0
2817 871 0.26376 0
2818 891 0.26171 0
2819 711 0.28937 0
2820 815 0.24606 0
2821 2518 0.26023 0
2822 697 0.25644 0
2823 2040 0.26779 0
2824 697 0.25421 0
2825 2511 0.27620 0
2826 2042 0.28874 0
2827 679 0.28321 0
2828 2042 0.31086 0
2829 707 0.29768 0
2830 2508 0.29467 0
2831 697 0.26354 0
2832 696 0.25269 0
2833 1137 0.35216 0
2834 1135 0.30154 0
2835 1137 0.32512 0
2836 794 0.30603 0
2837 816 0.24654 0
2838 809 0.23180 0
2839 809 0.25964 0
2840 843 0.27592 0
2841 2144 0.26890 0
2842 2139 0.25192 0
2843 2140 0.27283 0
2844 2140 0.23563 0
2845 2139 0.23608 0
2846 2139 0.23999 0
2847 2139 0.26214 0
2848 2145 0.26040 0
2849 2189 0.24902 0
2850 2145 0.24070 0
2851 2189 0.29711 0
2852 2387 0.29460 0
2853 2189 0.29986 0
2854 2145 0.24238 0
2855 2189 0.27677 0
2856 2210 0.26059 0
2857 2209 0.24530 0
2858 2209 0.27453 0
2859 2247 0.22337 0
2860 2211 0.30836 0
2861 2247 0.25799 0
2862 2241 0.31614 0
2863 694 0.28650 0
2864 2156 0.27880 0
2865 694 0.30108 0
2866 2181 0.35165 0
2867 2202 0.28747 0
2868 2245 0.28667 0
2869 2252 0.24909 0
2870 2056 0.33089 0
2871 2380 0.26761 0
2872 2381 0.27007 0
2873 2381 0.27687 0
2874 2381 0.26385 0
2875 2383 0.25116 0
2876 2240 0.23573 0
2877 2249 0.25176 0
2878 2244 0.24028 0
2879 2240 0.26671 0
2880 2242 0.23007 0
2881 2242 0.26497 0
2882 2242 0.25202 0
2883 2392 0.32655 0
2884 1595 0.33119 0
2885 719 0.30748 0
2886 1136 0.30009 0
2887 818 0.28427 0
2888 2387 0.30715 0
2889 2248 0.30111 0
2890 2387 0.29995 0
2891 1140 0.30664 0
2892 1139 0.30418 0
2893 1141 0.31767 0
2894 1142 0.33015 0
2895 2145 0.31740 0
2896 2386 0.32587 0
2897 2523 0.28644 0
2898 2523 0.29506 0
2899 2523 0.32063 0
2900 2523 0.31977 0
2901 2523 0.32649 0
2902 2523 0.32590 0
2903 2522 0.32225 0
2904 2058 0.33406 0
2905 561 0.34700 0
2906 2526 0.26245 0
2907 875 0.31074 0
2908 2526 0.27530 0
2909 694 0.32376 0
2910 2527 0.28908 0
2911 878 0.28111 0
2912 2527 0.27704 0
2913 2530 0.26344 0
2914 2251 0.28932 0
2915 2249 0.28253 0
2916 2244 0.27932 0
2917 873 0.31719 0
2918 2244 0.30804 0
2919 2246 0.33263 0
2920 2246 0.31083 0
2921 2245 0.30058 0
2922 1599 0.32742 0
2923 2171 0.34934 0
2924 2171 0.35341 0
2925 2139 0.31466 0
2926 2138 0.31432 0
2927 871 0.34834 0
2928 2113 0.37499 0
2929 2191 0.39592 0
2930 872 0.35034 0
2931 872 0.35470 0
2932 683 0.34436 0
2933 684 0.34082 0
2934 684 0.34549 0
2935 685 0.33644 0
2936 717 0.38755 0
2937 717 0.36669 0
2938 1596 0.36734 0
2939 1617 0.34057 0
2940 711 0.38830 0
2941 883 0.35390 0
2942 679 0.33473 0
2943 717 0.35096 0
2944 682 0.35308 0
2945 717 0.34745 0
2946 679 0.33035 0
2947 766 0.34379 0
2948 2125 0.38025 0
2949 2122 0.36122 0
2950 2122 0.37858 0
2951 2124 0.36419 0
2952 1799 0.43265 0
2953 2016 0.49367 0
2954 2016 0.49336 0
2955 1164 0.40684 0
2956 2018 0.45313 0
2957 1019 0.48291 0
2958 2318 0.44310 0
2959 142 0.47727 0
2960 142 0.46525 0
2961 141 0.47558 0
2962 142 0.47193 0
2963 1381 0.45356 0
2964 1381 0.45389 0
2965 1380 0.45497 0
2966 314 0.48079 0
2967 313 0.47631 0
2968 1384 0.45892 0
2969 1387 0.41273 0
2970 1387 0.41324 0
2971 1055 0.36631 0
2972 1055 0.36857 0
2973 1732 0.35058 0
2974 1736 0.34671 0
2975 1060 0.30792 0
2976 1736 0.36130 0
2977 718 0.40601 0
2978 2034 0.41895 0
2979 2034 0.42001 0
2980 2035 0.44733 0
2981 2035 0.43533 0
2982 793 0.42810 0
2983 2036 0.41967 0
2984 2036 0.43950 0
2985 772 0.39368 0
2986 772 0.39408 0
2987 772 0.36687 0
2988 775 0.37110 0
2989 775 0.36817 0
2990 776 0.38548 0
2991 776 0.39742 0
2992 776 0.39439 0
2993 1916 0.29507 0
2994 776 0.37023 0
2995 1916 0.27039 0
2996 781 0.30811 0
2997 783 0.27149 0
2998 781 0.27222 0
2999 781 0.27621 0
3000 1867 0.22962 0
3001 1971 0.23179 0
3002 1967 0.24238 0
3003 1914 0.24635 0
3004 1917 0.22825 0
3005 1926 0.21537 0
3006 1916 0.23856 0
3007 1924 0.19649 0
3008 1924 0.22089 0
3009 1875 0.23781 0
3010 1876 0.25579 0
3011 995 0.36786 0
3012 995 0.33629 0
3013 1842 0.26858 0
3014 1859 0.25849 0
3015 1842 0.26905 0
3016 267 0.45287 0
3017 1411 0.32029 0
3018 267 0.45732 0
3019 1415 0.66806 0
3020 993 0.28576 0
3021 995 0.26506 0
3022 994 0.28120 0
3023 1489 0.30534 0
3024 1486 0.29203 0
3025 1488 0.28452 0
3026 1488 0.26845 0
3027 791 0.28673 0
3028 1486 0.30022 0
3029 2224 0.30873 0
3030 1544 0.34413 0
3031 1545 0.32446 0
3032 2224 0.32819 0
3033 1518 0.28902 0
3034 1520 0.30153 0
3035 1518 0.31440 0
3036 1518 0.30802 0
3037 1518 0.32687 0
3038 754 0.28985 0
3039 753 0.28667 0
3040 753 0.26514 0
3041 754 0.27576 0
3042 754 0.26793 0
3043 750 0.29192 0
3044 751 0.26453 0
3045 2070 0.30100 0
3046 2084 0.30435 0
3047 2088 0.32104 0
3048 2088 0.34710 0
3049 2269 0.35441 0
3050 2271 0.36429 0
3051 2743 0.35111 0
3052 2271 0.41418 0
3053 2672 0.46325 0
3054 2551 0.45726 0
3055 2672 0.45604 0
3056 2665 0.51127 0
3057 2665 0.48334 0
3058 403 0.46932 0
3059 2673 0.41058 0
3060 402 0.47822 0
3061 2667 0.44165 0
3062 2667 0.47435 0
3063 2745 0.46090 0
3064 2679 0.41495 0
3065 2723 0.40466 0
3066 2740 0.38718 0
3067 898 0.39893 0
3068 898 0.39283 0
3069 656 0.39468 0
3070 891 0.37236 0
3071 624 0.35619 0
3072 892 0.36630 0
3073 841 0.34175 0
3074 843 0.32538 0
3075 841 0.31354 0
3076 842 0.33065 0
3077 841 0.33630 0
3078 689 0.27299 0
3079 689 0.26755 0
3080 689 0.28215 0
3081 689 0.27509 0
3082 2514 0.28984 0
3083 696 0.32917 0
3084 552 0.34502 0
3085 793 0.33076 0
3086 711 0.37448 0
3087 1592 0.39342 0
3088 720 0.29526 0
3089 679 0.31553 0
3090 682 0.33417 0
3091 679 0.32535 0
3092 1593 0.32936 0
3093 678 0.30916 0
3094 1593 0.31646 0
3095 695 0.32143 0
3096 695 0.30287 0
3097 695 0.31241 0
3098 1567 0.28817 0
3099 695 0.28459 0
3100 824 0.27744 0
3101 2283 0.25862 0
3102 726 0.27304 0
3103 695 0.28476 0
3104 599 0.23543 0
3105 2280 0.27187 0
3106 694 0.26366 0
3107 694 0.26021 0
3108 694 0.24498 0
3109 694 0.26710 0
3110 2291 0.28474 0
3111 596 0.26850 0
3112 694 0.30062 0
3113 696 0.28557 0
3114 1518 0.35069 0
3115 742 0.27882 0
3116 1570 0.31911 0
3117 2057 0.34621 0
3118 2057 0.35801 0
3119 748 0.31152 0
3120 1659 0.32869 0
3121 748 0.31140 0
3122 748 0.31358 0
3123 2061 0.32365 0
3124 2061 0.33391 0
3125 2061 0.33427 0
3126 1667 0.31995 0
3127 1667 0.31397 0
3128 1667 0.30650 0
3129 1667 0.34099 0
3130 831 0.30913 0
3131 1433 0.28750 0
3132 1685 0.33018 0
3133 1457 0.32852 0
3134 1522 0.29699 0
3135 1524 0.32022 0
3136 1524 0.32396 0
3137 1456 0.31329 0
3138 2207 0.29418 0
3139 1449 0.41026 0
3140 1703 0.31480 0
3141 1516 0.33867 0
3142 1512 0.30610 0
3143 1695 0.33060 0
3144 1535 0.31804 0
3145 1535 0.29646 0
3146 1536 0.33185 0
3147 1536 0.32939 0
3148 594 0.33568 0
3149 696 0.28547 0
3150 696 0.25071 0
3151 2250 0.30118 0
3152 2382 0.26627 0
3153 885 0.32154 0
3154 2251 0.29267 0
3155 806 0.35572 0
3156 700 0.32086 0
3157 804 0.32870 0
3158 699 0.32545 0
3159 2390 0.36711 0
3160 847 0.30326 0
3161 679 0.29414 0
3162 848 0.30209 0
3163 848 0.34742 0
3164 848 0.34586 0
3165 869 0.35731 0
3166 869 0.36829 0
3167 809 0.32691 0
3168 2838 0.33012 0
3169 816 0.26686 0
3170 2838 0.30991 0
3171 819 0.24343 0
3172 2057 0.28708 0
3173 2057 0.27948 0
3174 2064 0.27052 0
3175 2064 0.26394 0
3176 2064 0.27720 0
3177 2064 0.26428 0
3178 1667 0.41707 0
3179 2521 0.32124 0
3180 552 0.36215 0
3181 753 0.34753 0
3182 2056 0.34419 0
3183 869 0.40039 0
3184 2056 0.35433 0
3185 822 0.35124 0
3186 2056 0.34414 0
3187 865 0.37518 0
3188 1573 0.37453 0
3189 1569 0.38013 0
3190 2057 0.38388 0
3191 1463 0.37849 0
3192 2414 0.38228 0
3193 806 0.27705 0
3194 804 0.30356 0
3195 1467 0.32601 0
3196 532 0.35615 0
3197 808 0.29036 0
3198 533 0.35547 0
3199 1126 0.30461 0
3200 694 0.27401 0
3201 2893 0.34033 0
3202 694 0.29904 0
3203 694 0.30087 0
3204 753 0.34030 0
3205 1141 0.34750 0
3206 1141 0.34167 0
3207 1520 0.35829 0
3208 1141 0.37889 0
3209 1537 0.34866 0
3210 1537 0.36259 0
3211 1413 0.39483 0
3212 1543 0.32461 0
3213 269 0.44645 0
3214 272 0.43421 0
3215 270 0.46168 0
3216 267 0.47638 0
3217 267 0.50295 0
3218 1069 0.47737 0
3219 1896 0.31816 0
3220 1875 0.26526 0
3221 1870 0.27047 0
3222 1856 0.22481 0
3223 1856 0.20219 0
3224 1870 0.24854 0
3225 1870 0.23415 0
3226 1752 0.34507 0
3227 1870 0.23080 0
3228 1752 0.34097 0
3229 1094 0.31272 0
3230 269 0.38379 0
3231 270 0.35097 0
3232 1540 0.27747 0
3233 1540 0.30448 0
3234 1540 0.32178 0
3235 265 0.41411 0
3236 1439 0.42088 0
3237 1088 0.36672 0
3238 1088 0.37339 0
3239 1069 0.37191 0
3240 1852 0.28523 0
3241 1853 0.28230 0
3242 2902 0.34363 0
3243 1521 0.33983 0
3244 1703 0.36056 0
3245 1860 0.27422 0
3246 1860 0.27777 0
3247 1122 0.42881 0
3248 1069 0.48889 0
3249 256 0.41320 0
3250 1492 0.42041 0
3251 1094 0.39995 0
3252 1094 0.41214 0
3253 1098 0.39667 0
3254 1091 0.37861 0
3255 1091 0.40793 0
3256 1094 0.36278 0
3257 1094 0.35816 0
3258 1096 0.33860 0
3259 1096 0.35643 0
3260 2042 0.37799 0
3261 2514 0.37512 0
3262 1520 0.37039 0
3263 549 0.36592 0
3264 2040 0.32396 0
3265 2040 0.35189 0
3266 2039 0.34216 0
3267 1446 0.33500 0
3268 1620 0.36224 0
3269 2073 0.36322 0
3270 2073 0.34863 0
3271 2072 0.35006 0
3272 2072 0.33693 0
3273 2072 0.32369 0
3274 2070 0.30982 0
3275 2073 0.33462 0
3276 2070 0.33015 0
3277 2071 0.34400 0
3278 2081 0.39852 0
3279 2076 0.35191 0
3280 2075 0.33804 0
3281 2075 0.34039 0
3282 2075 0.33123 0
3283 2076 0.30669 0
3284 2076 0.30514 0
3285 2076 0.32179 0
3286 2076 0.33564 0
3287 2076 0.35678 0
3288 2076 0.37472 0
3289 2076 0.37931 0
3290 1670 0.36806 0
3291 1670 0.34241 0
3292 1670 0.32784 0
3293 2076 0.32971 0
3294 2076 0.32206 0
3295 2076 0.33301 0
3296 2076 0.34949 0
3297 2076 0.35877 0
3298 2075 0.37271 0
3299 2076 0.36936 0
3300 2076 0.38974 0
3301 2671 0.33789 0
3302 2672 0.34238 0
3303 2671 0.36186 0
3304 2671 0.38215 0
3305 2671 0.39022 0
3306 2671 0.40388 0
3307 2671 0.39440 0
3308 2671 0.40992 0
3309 2271 0.36095 0
3310 2671 0.43330 0
3311 2271 0.36038 0
3312 2271 0.36768 0
3313 2269 0.38459 0
3314 2666 0.43747 0
3315 2665 0.45718 0
3316 2551 0.45074 0
3317 2551 0.44207 0
3318 2550 0.43953 0
3319 2551 0.42678 0
3320 405 0.44126 0
3321 405 0.41696 0
3322 405 0.43475 0
3323 405 0.42081 0
3324 411 0.42118 0
3325 409 0.40887 0
3326 411 0.38231 0
3327 2269 0.37246 0
3328 411 0.38960 0
3329 410 0.39067 0
3330 405 0.39477 0
3331 410 0.40056 0
3332 405 0.40296 0
3333 2751 0.38810 0
3334 2748 0.39394 0
3335 2680 0.40501 0
3336 2679 0.38943 0
3337 2679 0.39319 0
3338 2680 0.39049 0
3339 2676 0.35510 0
3340 2676 0.34763 0
3341 2676 0.33638 0
3342 2679 0.36492 0
3343 2677 0.32225 0
3344 2677 0.33918 0
3345 2676 0.34679 0
3346 2673 0.38263 0
3347 2673 0.38571 0
3348 2673 0.36736 0
3349 2676 0.35802 0
3350 2676 0.35037 0
3351 2677 0.37317 0
3352 2677 0.36402 0
3353 1218 0.41643 0
3354 1218 0.42646 0
3355 1218 0.43684 0
3356 1218 0.44391 0
3357 1208 0.38416 0
3358 1211 0.42263 0
3359 1208 0.41188 0
3360 1208 0.41459 0
3361 2684 0.40645 0
3362 2685 0.38297 0
3363 2686 0.36619 0
3364 2683 0.37216 0
3365 2682 0.36082 0
3366 2682 0.40001 0
3367 2682 0.40032 0
3368 764 0.42234 0
3369 899 0.43204 0
3370 713 0.38599 0
3371 3071 0.36956 0
3372 3071 0.37783 0
3373 713 0.34502 0
3374 713 0.32876 0
3375 713 0.34109 0
3376 1188 0.37645 0
3377 3071 0.36844 0
3378 3071 0.36616 0
3379 3071 0.36167 0
3380 3071 0.36397 0
3381 3075 0.32116 0
3382 3072 0.34048 0
3383 3072 0.32122 0
3384 2144 0.28767 0
3385 2144 0.28668 0
3386 2144 0.28027 0
3387 2394 0.28149 0
3388 2394 0.26382 0
3389 2394 0.26537 0
3390 2394 0.28331 0
3391 2140 0.30229 0
3392 2842 0.28590 0
3393 892 0.31915 0
3394 892 0.32855 0
3395 2394 0.32662 0
3396 1594 0.37272 0
3397 2761 0.40612 0
3398 2360 0.37772 0
3399 2119 0.48017 0
3400 2355 0.37154 0
3401 2355 0.38622 0
3402 1047 0.42758 0
3403 1047 0.40006 0
3404 1047 0.38854 0
3405 2014 0.43096 0
3406 1046 0.38746 0
3407 1046 0.39223 0
3408 1027 0.38686 0
3409 1029 0.40895 0
3410 1027 0.33601 0
3411 1027 0.29118 0
3412 1027 0.32558 0
3413 1027 0.30290 0
3414 1024 0.29528 0
3415 1020 0.31258 0
3416 1019 0.31805 0
3417 1019 0.34074 0
3418 1018 0.33090 0
3419 1998 0.34213 0
3420 1994 0.34027 0
3421 771 0.36175 0
3422 2027 0.35950 0
3423 2027 0.34055 0
3424 2973 0.37570 0
3425 2973 0.33578 0
3426 2973 0.33948 0
3427 2975 0.29412 0
3428 2975 0.28883 0
3429 2975 0.28609 0
3430 1736 0.27614 0
3431 1737 0.27476 0
3432 1740 0.27140 0
3433 1741 0.27508 0
3434 2998 0.26898 0
3435 1745 0.27720 0
3436 2998 0.27700 0
3437 3002 0.29887 0
3438 3000 0.29356 0
3439 1742 0.32031 0
3440 3002 0.30620 0
3441 3002 0.29908 0
3442 1823 0.39382 0
3443 1072 0.35252 0
3444 1072 0.35764 0
3445 1072 0.35507 0
3446 1828 0.24403 0
3447 3014 0.34118 0
3448 1083 0.35322 0
3449 1083 0.31798 0
3450 1084 0.33076 0
3451 1083 0.27884 0
3452 1123 0.35340 0
3453 1088 0.35214 0
3454 3023 0.36054 0
3455 1091 0.34857 0
3456 3023 0.37226 0
3457 1091 0.33526 0
3458 3023 0.34630 0
3459 3027 0.33013 0
3460 3027 0.28969 0
3461 2038 0.30713 0
3462 2037 0.29880 0
3463 1094 0.35392 0
3464 2030 0.35416 0
3465 2038 0.28759 0
3466 2031 0.31240 0
3467 2038 0.29647 0
3468 2038 0.26827 0
3469 2033 0.28382 0
3470 2033 0.28308 0
3471 2031 0.29160 0
3472 2031 0.28667 0
3473 2031 0.30517 0
3474 2030 0.30653 0
3475 2031 0.32674 0
3476 2031 0.31186 0
3477 2031 0.31648 0
3478 2031 0.30780 0
3479 1446 0.32621 0
3480 1446 0.30842 0
3481 1446 0.31803 0
3482 1451 0.35106 0
3483 1446 0.34447 0
3484 1422 0.40576 0
3485 1451 0.38814 0
3486 1422 0.41616 0
3487 1451 0.40180 0
3488 1556 0.45905 0
3489 1432 0.38710 0
3490 1432 0.38509 0
3491 1454 0.40529 0
3492 1654 0.40315 0
3493 1547 0.45809 0
3494 1480 0.42014 0
3495 1479 0.40719 0
3496 1477 0.38327 0
3497 1477 0.36055 0
3498 3019 0.41517 0
3499 3017 0.36415 0
3500 3017 0.37961 0
3501 3019 0.39157 0
3502 1545 0.38190 0
3503 1545 0.35888 0
3504 1545 0.33334 0
3505 782 0.30658 0
3506 1547 0.31458 0
3507 1545 0.30911 0
3508 1545 0.33933 0
3509 1404 0.32647 0
3510 3140 0.36209 0
3511 717 0.36178 0
3512 1699 0.36484 0
3513 1546 0.34422 0
3514 1552 0.34087 0
3515 1512 0.34354 0
3516 2228 0.34024 0
3517 2230 0.36325 0
3518 2305 0.36263 0
3519 834 0.37167 0
3520 2306 0.39460 0
3521 2269 0.34164 0
3522 2268 0.34153 0
3523 3049 0.39805 0
3524 2274 0.39168 0
3525 2275 0.37401 0
3526 737 0.31861 0
3527 735 0.30889 0
3528 738 0.28409 0
3529 2087 0.30698 0
3530 3046 0.30108 0
3531 3046 0.28066 0
3532 3045 0.31126 0
3533 1569 0.31599 0
3534 1573 0.30926 0
3535 737 0.28234 0
3536 2084 0.31182 0
3537 3044 0.29585 0
3538 3040 0.26575 0
3539 723 0.33581 0
3540 2387 0.32248 0
3541 824 0.28689 0
3542 801 0.29531 0
3543 1573 0.28044 0
3544 3108 0.27907 0
3545 3108 0.24685 0
3546 3108 0.26396 0
3547 3108 0.27492 0
3548 3108 0.26813 0
3549 726 0.24640 0
3550 727 0.24811 0
3551 3104 0.25917 0
3552 3106 0.28706 0
3553 3151 0.25178 0
3554 3204 0.23980 0
3555 3204 0.22094 0
3556 3204 0.25256 0
3557 3204 0.24355 0
3558 3119 0.25838 0
3559 2377 0.29318 0
3560 3114 0.30638 0
3561 3119 0.30590 0
3562 3160 0.32022 0
3563 3160 0.33787 0
3564 3161 0.34079 0
3565 2829 0.29239 0
3566 3166 0.35111 0
3567 3128 0.31217 0
3568 1667 0.34603 0
3569 3027 0.29994 0
3570 2039 0.29723 0
3571 2039 0.29101 0
3572 793 0.32290 0
3573 3262 0.33042 0
3574 1121 0.31001 0
3575 2838 0.28881 0
3576 2838 0.24675 0
3577 2843 0.28868 0
3578 1829 0.26186 0
3579 3245 0.30215 0
3580 788 0.31752 0
3581 3230 0.29271 0
3582 789 0.29430 0
3583 3210 0.26379 0
3584 3230 0.26685 0
3585 3210 0.25727 0
3586 3022 0.25873 0
3587 3240 0.24697 0
3588 3241 0.24599 0
3589 3241 0.25638 0
3590 1520 0.28908 0
3591 3233 0.29326 0
3592 2217 0.27610 0
3593 2217 0.32180 0
3594 791 0.30244 0
3595 3023 0.24032 0
3596 793 0.29668 0
3597 3023 0.26041 0
3598 3025 0.25462 0
3599 3025 0.25040 0
3600 3027 0.25409 0
3601 788 0.25825 0
3602 3016 0.24959 0
3603 994 0.23290 0
3604 788 0.25962 0
3605 3023 0.24281 0
3606 1875 0.21235 0
3607 1875 0.21770 0
3608 3217 0.29806 0
3609 3016 0.20745 0
3610 3021 0.23652 0
3611 1875 0.21940 0
3612 994 0.20340 0
3613 994 0.21288 0
3614 995 0.19392 0
3615 996 0.18970 0
3616 995 0.20008 0
3617 3022 0.19934 0
3618 995 0.20004 0
3619 995 0.20674 0
3620 994 0.21722 0
3621 1545 0.26033 0
3622 1009 0.24730 0
3623 1009 0.24547 0
3624 1489 0.26181 0
3625 1009 0.25876 0
3626 1550 0.27225 0
3627 1513 0.29658 0
3628 1994 0.32747 0
3629 1994 0.31547 0
3630 1994 0.32893 0
3631 1486 0.31592 0
3632 1994 0.34397 0
3633 1996 0.35683 0
3634 1997 0.36870 0
3635 1997 0.37776 0
3636 1997 0.39338 0
3637 1621 0.41080 0
3638 762 0.41838 0
3639 2135 0.36947 0
3640 2135 0.38262 0
3641 2793 0.42341 0
3642 2117 0.42505 0
3643 2117 0.40385 0
3644 2000 0.46615 0
3645 2132 0.37605 0
3646 2120 0.40613 0
3647 2119 0.41659 0
3648 2119 0.40392 0
3649 717 0.37722 0
3650 717 0.37285 0
3651 719 0.35272 0
3652 719 0.32084 0
3653 719 0.33449 0
3654 718 0.33791 0
3655 719 0.33357 0
3656 717 0.32108 0
3657 719 0.32991 0
3658 720 0.32459 0
3659 721 0.32915 0
3660 719 0.35116 0
3661 803 0.32037 0
3662 2055 0.34422 0
3663 3076 0.35108 0
3664 2146 0.37436 0
3665 1521 0.40404 0
3666 2823 0.35379 0
3667 1123 0.38604 0
3668 1125 0.36258 0
3669 1118 0.35615 0
3670 1121 0.34438 0
3671 1123 0.35485 0
3672 1413 0.37139 0
3673 3017 0.40820 0
3674 1413 0.37214 0
3675 3011 0.43529 0
3676 3011 0.47122 0
3677 1842 0.25621 0
3678 1849 0.40823 0
3679 1849 0.37199 0
3680 1829 0.32595 0
3681 1811 0.33252 0
3682 1819 0.30854 0
3683 1818 0.28549 0
3684 2033 0.25701 0
3685 2035 0.28250 0
3686 2035 0.31051 0
3687 2035 0.32653 0
3688 2035 0.30719 0
3689 2034 0.30834 0
3690 2036 0.30847 0
3691 2036 0.30831 0
3692 1520 0.29689 0
3693 793 0.34172 0
3694 1518 0.30548 0
3695 1517 0.31819 0
3696 1705 0.30359 0
3697 1553 0.33376 0
3698 2238 0.32985 0
3699 2369 0.39553 0
3700 2052 0.36800 0
3701 2052 0.34125 0
3702 2400 0.35336 0
3703 2400 0.34594 0
3704 2302 0.37504 0
3705 2297 0.39318 0
3706 2228 0.36024 0
3707 2228 0.37833 0
3708 2228 0.34559 0
3709 2257 0.34729 0
3710 2227 0.38494 0
3711 2227 0.38208 0
3712 2227 0.39362 0
3713 2227 0.38670 0
3714 2752 0.39112 0
3715 620 0.41935 0
3716 2751 0.38667 0
3717 847 0.43811 0
3718 847 0.42545 0
3719 2754 0.43252 0
3720 2755 0.41981 0
3721 2755 0.42083 0
3722 2755 0.40846 0
3723 1374 0.41564 0
3724 1374 0.39748 0
3725 2648 0.46123 0
3726 1376 0.42628 0
3727 2648 0.47384 0
3728 1376 0.47703 0
3729 1377 0.43263 0
3730 2315 0.44543 0
3731 1376 0.41767 0
3732 907 0.42615 0
3733 154 0.41774 0
3734 2348 0.40290 0
3735 2756 0.44330 0
3736 2099 0.41897 0
3737 3400 0.37228 0
3738 3400 0.38094 0
3739 3398 0.41775 0
3740 3398 0.42155 0
3741 1625 0.41749 0
3742 3392 0.39138 0
3743 629 0.38376 0
3744 629 0.40323 0
3745 629 0.41000 0
3746 3346 0.42500 0
3747 1212 0.47378 0
3748 131 0.44364 0
3749 1179 0.43866 0
3750 1223 0.46379 0
3751 1226 0.45616 0
3752 1179 0.40765 0
3753 1179 0.44839 0
3754 1179 0.46191 0
3755 138 0.48458 0
3756 144 0.45139 0
3757 2739 0.45100 0
3758 200 0.40955 0
3759 199 0.41653 0
3760 204 0.39732 0
3761 614 0.43586 0
3762 201 0.43587 0
3763 648 0.43482 0
3764 209 0.41599 0
3765 209 0.40608 0
3766 210 0.40817 0
3767 209 0.39935 0
3768 209 0.38808 0
3769 464 0.37104 0
3770 464 0.37502 0
3771 464 0.37084 0
3772 3362 0.42577 0
3773 3362 0.43171 0
3774 3362 0.42640 0
3775 1325 0.49931 0
3776 3362 0.45839 0
3777 3362 0.44871 0
3778 233 0.47151 0
3779 235 0.48574 0
3780 1328 0.48589 0
3781 1326 0.46630 0
3782 235 0.49053 0
3783 235 0.48301 0
3784 235 0.47673 0
3785 235 0.48214 0
3786 237 0.48512 0
3787 235 0.49538 0
3788 237 0.49609 0
3789 237 0.49540 0
3790 237 0.51651 0
3791 236 0.51083 0
3792 236 0.48556 0
3793 236 0.50299 0
3794 3413 0.54965 0
3795 3413 0.53698 0
3796 3410 0.52549 0
3797 1046 0.55443 0
3798 3410 0.53177 0
3799 2128 0.66254 0
3800 1346 0.56751 0
3801 1797 0.54010 0
3802 2808 0.50965 0
3803 2128 0.46303 0
3804 1793 0.47779 0
3805 2803 0.43380 0
3806 2803 0.39772 0
3807 813 0.40661 0
3808 2815 0.40227 0
3809 814 0.36466 0
3810 3082 0.38452 0
3811 2834 0.41515 0
3812 2826 0.37124 0
3813 2826 0.36304 0
3814 813 0.33209 0
3815 2126 0.40642 0
3816 2825 0.39244 0
3817 2825 0.36961 0
3818 2834 0.36096 0
3819 2825 0.33970 0
3820 2825 0.34823 0
3821 2827 0.35583 0
3822 2807 0.36769 0
3823 2243 0.38292 0
3824 695 0.33046 0
3825 689 0.32195 0
3826 2253 0.32200 0
3827 690 0.30642 0
3828 689 0.31365 0
3829 690 0.30145 0
3830 690 0.30406 0
3831 695 0.33479 0
3832 2243 0.32701 0
3833 2832 0.28614 0
3834 601 0.35537 0
3835 2246 0.30397 0
3836 2294 0.34123 0
3837 2294 0.34833 0
3838 595 0.32805 0
3839 1569 0.36331 0
3840 1569 0.34816 0
3841 722 0.34161 0
3842 2448 0.37577 0
3843 3050 0.35970 0
3844 3049 0.35535 0
3845 3521 0.38268 0
3846 3521 0.40886 0
3847 3521 0.38382 0
3848 2448 0.36938 0
3849 2445 0.38668 0
3850 588 0.32997 0
3851 733 0.33398 0
3852 732 0.32207 0
3853 831 0.32774 0
3854 831 0.31715 0
3855 728 0.30185 0
3856 861 0.33125 0
3857 831 0.31997 0
3858 831 0.33896 0
3859 837 0.35580 0
3860 2288 0.35731 0
3861 844 0.34276 0
3862 842 0.34991 0
3863 871 0.37544 0
3864 1688 0.40283 0
3865 2779 0.47075 0
3866 1767 0.44108 0
3867 1688 0.40868 0
3868 2783 0.41070 0
3869 2784 0.38480 0
3870 1486 0.41413 0
3871 2784 0.39735 0
3872 771 0.33351 0
3873 2998 0.32604 0
3874 2998 0.31755 0
3875 2998 0.30369 0
3876 2998 0.32395 0
3877 2998 0.34874 0
3878 3425 0.35787 0
3879 772 0.33494 0
3880 2036 0.32795 0
3881 718 0.35380 0
3882 717 0.37153 0
3883 2036 0.40029 0
3884 2787 0.41796 0
3885 2186 0.47266 0
3886 2167 0.44076 0
3887 2162 0.43196 0
3888 2120 0.42310 0
3889 2160 0.39956 0
3890 2156 0.39075 0
3891 2862 0.34008 0
3892 2865 0.36567 0
3893 2154 0.37344 0
3894 2765 0.32764 0
3895 2768 0.37360 0
3896 2773 0.41327 0
3897 2862 0.34243 0
3898 2773 0.41506 0
3899 1421 0.36547 0
3900 2367 0.38853 0
3901 814 0.34741 0
3902 2841 0.38340 0
3903 2841 0.37196 0
3904 2841 0.36166 0
3905 2855 0.35469 0
3906 554 0.40716 0
3907 1692 0.37309 0
3908 558 0.42149 0
3909 1421 0.44973 0
3910 558 0.39928 0
3911 3585 0.35044 0
3912 1703 0.36218 0
3913 1135 0.34247 0
3914 1132 0.35204 0
3915 2837 0.34050 0
3916 1517 0.35494 0
3917 3592 0.33089 0
3918 1544 0.31679 0
3919 3593 0.28791 0
3920 3599 0.29377 0
3921 3598 0.28524 0
3922 3599 0.27696 0
3923 3599 0.30053 0
3924 791 0.30033 0
3925 791 0.27085 0
3926 1517 0.30366 0
3927 3596 0.29757 0
3928 2187 0.36575 0
3929 2214 0.29827 0
3930 2207 0.32516 0
3931 2224 0.30829 0
3932 2224 0.31396 0
3933 2224 0.30693 0
3934 2230 0.35402 0
3935 2228 0.35372 0
3936 1534 0.36352 0
3937 3130 0.37877 0
3938 1533 0.35194 0
3939 2230 0.27397 0
3940 2230 0.26694 0
3941 1530 0.33815 0
3942 2160 0.34827 0
3943 1529 0.25846 0
3944 2233 0.32595 0
3945 1533 0.28240 0
3946 1571 0.30271 0
3947 3133 0.30805 0
3948 2226 0.27259 0
3949 2229 0.27801 0
3950 1544 0.28716 0
3951 1536 0.26784 0
3952 1537 0.30118 0
3953 1536 0.28133 0
3954 1509 0.27985 0
3955 2226 0.24661 0
3956 3628 0.32797 0
3957 1537 0.30020 0
3958 1537 0.30730 0
3959 1451 0.41759 0
3960 1544 0.32215 0
3961 1483 0.41842 0
3962 1109 0.42500 0
3963 3248 0.49317 0
3964 3248 0.49026 0
3965 1423 0.50324 0
3966 3133 0.46086 0
3967 2416 0.45154 0
3968 3133 0.45921 0
3969 3133 0.44188 0
3970 3133 0.43526 0
3971 3130 0.46008 0
3972 2163 0.43041 0
3973 2163 0.41735 0
3974 953 0.47930 0
3975 2319 0.39934 0
3976 1421 0.47477 0
3977 1424 0.45084 0
3978 2234 0.35779 0
3979 1552 0.32163 0
3980 2119 0.33838 0
3981 2120 0.31558 0
3982 1552 0.32445 0
3983 1577 0.29075 0
3984 842 0.28193 0
3985 841 0.27594 0
3986 1577 0.31263 0
3987 2134 0.29175 0
3988 2103 0.28098 0
3989 2103 0.28351 0
3990 2199 0.28665 0
3991 623 0.31313 0
3992 622 0.31969 0
3993 2105 0.32586 0
3994 2104 0.32863 0
3995 2104 0.32298 0
3996 2104 0.35384 0
3997 2105 0.30669 0
3998 2136 0.30433 0
3999 2136 0.29600 0
4000 2382 0.26482 0
4001 2137 0.27446 0
4002 2846 0.27517 0
4003 2843 0.25578 0
4004 2844 0.23890 0
4005 756 0.29533 0
4006 2851 0.25247 0
4007 755 0.31848 0
4008 755 0.30998 0
4009 755 0.31571 0
4010 1618 0.28285 0
4011 754 0.29243 0
4012 3046 0.30478 0
4013 3048 0.30658 0
4014 3049 0.30688 0
4015 3049 0.30211 0
4016 3050 0.28740 0
4017 3050 0.29337 0
4018 3050 0.31436 0
4019 3050 0.34809 0
4020 2269 0.34635 0
4021 2268 0.33867 0
4022 172 0.40034 0
4023 3309 0.41701 0
4024 3521 0.44616 0
4025 2271 0.33153 0
4026 3311 0.42527 0
4027 3707 0.40268 0
4028 2265 0.39909 0
4029 2091 0.34912 0
4030 2091 0.35979 0
4031 2671 0.41519 0
4032 2095 0.33480 0
4033 2096 0.33140 0
4034 845 0.36504 0
4035 3044 0.30767 0
4036 843 0.32580 0
4037 1582 0.33703 0
4038 841 0.31899 0
4039 1625 0.33378 0
4040 838 0.35707 0
4041 1624 0.34643 0
4042 1624 0.34538 0
4043 2097 0.40423 0
4044 762 0.40867 0
4045 763 0.40716 0
4046 762 0.40446 0
4047 527 0.41754 0
4048 3375 0.41058 0
4049 3375 0.41594 0
4050 526 0.39993 0
4051 3070 0.40393 0
4052 3069 0.40378 0
4053 3070 0.38315 0
4054 3070 0.43185 0
4055 2300 0.46197 0
4056 2301 0.43207 0
4057 2300 0.46403 0
4058 2301 0.44092 0
4059 1370 0.49498 0
4060 2300 0.48344 0
4061 2729 0.48728 0
4062 2729 0.48961 0
4063 2749 0.53609 0
4064 1369 0.52440 0
4065 1369 0.50259 0
4066 1369 0.47125 0
4067 1367 0.47427 0
4068 2095 0.45951 0
4069 2275 0.49222 0
4070 2095 0.40307 0
4071 2095 0.40451 0
4072 2095 0.37766 0
4073 2275 0.40795 0
4074 2629 0.43982 0
4075 2288 0.42115 0
4076 2095 0.37454 0
4077 2756 0.40975 0
4078 3737 0.38584 0
4079 1624 0.38136 0
4080 1620 0.36779 0
4081 1621 0.35414 0
4082 1620 0.33900 0
4083 1625 0.32652 0
4084 1620 0.31076 0
4085 1626 0.33679 0
4086 545 0.36305 0
4087 544 0.35481 0
4088 524 0.38992 0
4089 841 0.31225 0
4090 2816 0.28482 0
4091 2240 0.28604 0
4092 2401 0.31344 0
4093 888 0.32270 0
4094 697 0.30801 0
4095 3080 0.32854 0
4096 841 0.32561 0
4097 532 0.35087 0
4098 866 0.33645 0
4099 2828 0.33828 0
4100 868 0.28396 0
4101 870 0.27832 0
4102 830 0.34068 0
4103 1495 0.33746 0
4104 2612 0.33648 0
4105 2612 0.34129 0
4106 823 0.29793 0
4107 868 0.29982 0
4108 868 0.28598 0
4109 868 0.31104 0
4110 819 0.28480 0
4111 1500 0.31252 0
4112 2252 0.30046 0
4113 2202 0.29948 0
4114 2202 0.29325 0
4115 2203 0.30269 0
4116 2915 0.25835 0
4117 2915 0.25373 0
4118 816 0.27718 0
4119 819 0.22271 0
4120 819 0.21516 0
4121 819 0.23029 0
4122 816 0.24279 0
4123 816 0.23284 0
4124 809 0.24024 0
4125 2838 0.25914 0
4126 2838 0.25952 0
4127 2885 0.23901 0
4128 2838 0.26058 0
4129 2885 0.22579 0
4130 2838 0.24316 0
4131 2915 0.26872 0
4132 3171 0.26149 0
4133 3171 0.23446 0
4134 3173 0.26289 0
4135 3173 0.24207 0
4136 3176 0.25997 0
4137 2523 0.27621 0
4138 2523 0.25656 0
4139 1131 0.26993 0
4140 2514 0.28289 0
4141 2048 0.24552 0
4142 2514 0.29155 0
4143 3154 0.26728 0
4144 3154 0.26324 0
4145 3154 0.23879 0
4146 3154 0.26759 0
4147 3154 0.27636 0
4148 2057 0.28318 0
4149 2054 0.26300 0
4150 2055 0.26285 0
4151 1123 0.23585 0
4152 819 0.27210 0
4153 2055 0.24993 0
4154 2057 0.27221 0
4155 1126 0.23133 0
4156 2898 0.24649 0
4157 2888 0.27671 0
4158 2896 0.25983 0
4159 2888 0.27416 0
4160 2889 0.27909 0
4161 2888 0.26945 0
4162 754 0.25789 0
4163 2888 0.27472 0
4164 754 0.28233 0
4165 754 0.27602 0
4166 2059 0.31763 0
4167 719 0.32584 0
4168 795 0.32279 0
4169 719 0.30121 0
4170 845 0.36651 0
4171 722 0.35051 0
4172 2297 0.35200 0
4173 848 0.34887 0
4174 2298 0.34146 0
4175 2298 0.36076 0
4176 2301 0.36755 0
4177 2298 0.35152 0
4178 3715 0.37650 0
4179 3718 0.36815 0
4180 3718 0.40533 0
4181 2754 0.41539 0
4182 2014 0.49104 0
4183 2686 0.45248 0
4184 2651 0.43225 0
4185 1029 0.50175 0
4186 2730 0.48453 0
4187 159 0.49112 0
4188 1027 0.52186 0
4189 925 0.45406 0
4190 925 0.43237 0
4191 925 0.37684 0
4192 925 0.32694 1
4193 925 0.27637 1
4194 925 0.22590 1
4195 925 0.16861 1
4196 926 0.17644 1
4197 925 0.17041 1
4198 926 0.13928 1
4199 928 0.10492 1
4200 929 0.14087 1
4201 930 0.10365 1
4202 931 0.14222 1
4203 932 0.08629 1
4204 933 0.10849 1
4205 934 0.14105 1
4206 935 0.10913 1
4207 937 0.06715 1
4208 938 0.05604 1
4209 939 0.07014 1
4210 940 0.08431 1
4211 942 0.08023 1
4212 943 0.08059 1
4213 944 0.06160 1
4214 945 0.05551 1
4215 946 0.06457 1
4216 947 0.06410 1
4217 949 0.05198 1
4218 950 0.03993 1
4219 951 0.05588 1
4220 952 0.06390 1
4221 954 0.07924 1
4222 955 0.05281 1
4223 956 0.05050 1
4224 957 0.05416 1
4225 959 0.05832 1
4226 960 0.03695 1
4227 961 0.04552 1
4228 962 0.07825 1
4229 964 0.05188 1
4230 965 0.04947 1
4231 966 0.05650 1
4232 967 0.06340 1
4233 969 0.05780 1
4234 970 0.06445 1
4235 972 0.05281 1
4236 973 0.07116 1
4237 974 0.05421 1
4238 975 0.07703 1
4239 977 0.07537 1
4240 978 0.05102 1
4241 979 0.05916 1
4242 981 0.04827 1
4243 982 0.04854 1
4244 983 0.06024 1
4245 985 0.03500 1
4246 986 0.03580 1
4247 987 0.02525 1
4248 989 0.04244 1
4249 990 0.03973 1
4250 992 0.03688 1
4251 994 0.03790 1
4252 996 0.04230 1
4253 997 0.05980 1
4254 999 0.04832 1
4255 1001 0.04735 1
4256 1003 0.06161 1
4257 1005 0.07264 1
4258 1007 0.05783 1
4259 1009 0.05644 1
4260 1011 0.07261 1
4261 1014 0.07121 1
4262 1017 0.07405 1
4263 1019 0.08164 1
4264 1023 0.11578 1
4265 1024 0.08219 1
4266 1028 0.09023 1
4267 1029 0.13990 1
4268 1032 0.17932 1
4269 1034 0.25544 1
4270 1034 0.33826 1
4271 1036 0.41886 1
4272 1027 0.37927 0
4273 2004 0.42398 0
4274 3405 0.32249 0
4275 1048 0.32584 0
4276 1048 0.34726 0
4277 1050 0.33158 0
4278 1052 0.35096 0
4279 1050 0.43786 0
4280 3654 0.35978 0
4281 3392 0.33818 0
4282 1004 0.35542 0
4283 1004 0.33159 0
4284 1816 0.26863 0
4285 1819 0.25336 0
4286 1819 0.25187 0
4287 992 0.22455 0
4288 989 0.18507 0
4289 988 0.19277 0
4290 990 0.17745 0
4291 990 0.15399 0
4292 990 0.16829 0
4293 990 0.15766 0
4294 985 0.16259 0
4295 987 0.16401 0
4296 994 0.17612 0
4297 994 0.15613 0
4298 994 0.16931 0
4299 994 0.16323 0
4300 979 0.18749 0
4301 979 0.18548 0
4302 3608 0.21722 0
4303 978 0.17545 0
4304 979 0.18471 0
4305 979 0.18029 0
4306 979 0.17950 0
4307 979 0.16997 0
4308 979 0.18953 0
4309 979 0.17442 0
4310 979 0.15535 0
4311 979 0.18141 0
4312 979 0.16285 0
4313 983 0.15021 0
4314 982 0.14824 0
4315 994 0.15851 0
4316 995 0.16111 0
4317 994 0.14830 0
4318 979 0.16376 0
4319 994 0.13067 0
4320 994 0.15154 0
4321 994 0.16285 0
4322 994 0.15760 0
4323 987 0.13788 0
4324 3613 0.22689 0
4325 3613 0.22335 0
4326 994 0.15971 0
4327 994 0.15776 0
4328 993 0.16906 0
4329 3615 0.20932 0
4330 994 0.15910 0
4331 3612 0.21780 0
4332 994 0.16755 0
4333 3610 0.21202 0
4334 3615 0.23240 0
4335 3615 0.22649 0
4336 3615 0.23134 0
4337 3601 0.24595 0
4338 3609 0.22002 0
4339 3606 0.24105 0
4340 3606 0.21912 0
4341 3606 0.24108 0
4342 3606 0.24448 0
4343 1900 0.23908 0
4344 992 0.22784 0
4345 987 0.24662 0
4346 1900 0.27816 0
4347 1900 0.25058 0
4348 3020 0.30675 0
4349 2219 0.28424 0
4350 2221 0.28520 0
4351 2219 0.29082 0
4352 2221 0.32370 0
4353 978 0.32666 0
4354 3622 0.37527 0
4355 3621 0.36660 0
4356 3622 0.39076 0
4357 3622 0.38254 0
4358 1013 0.37382 0
4359 3621 0.37535 0
4360 3621 0.38552 0
4361 3621 0.39079 0
4362 3621 0.42541 0
4363 3621 0.42969 0
4364 1386 0.48650 0
4365 949 0.42000 0
4366 949 0.45740 0
4367 949 0.42674 0
4368 1386 0.44157 0
4369 1386 0.42981 0
4370 355 0.44658 0
4371 356 0.42670 0
4372 356 0.43295 0
4373 356 0.41796 0
4374 356 0.41298 0
4375 1383 0.47714 0
4376 1481 0.46906 0
4377 1478 0.48420 0
4378 933 0.49375 0
4379 2950 0.48757 0
4380 2947 0.47105 0
4381 240 0.39472 0
4382 1548 0.31756 0
4383 2215 0.33643 0
4384 1013 0.36911 0
4385 1015 0.36987 0
4386 1654 0.43203 0
4387 2213 0.34249 0
4388 2214 0.37005 0
4389 1016 0.42680 0
4390 2213 0.36236 0
4391 2125 0.38811 0
4392 2124 0.36772 0
4393 2221 0.35445 0
4394 2125 0.40085 0
4395 3617 0.34471 0
4396 978 0.34046 0
4397 978 0.36378 0
4398 978 0.35809 0
4399 978 0.36714 0
4400 1804 0.25602 1
4401 1807 0.20729 1
4402 1807 0.18790 1
4403 1809 0.12360 1
4404 1810 0.11919 1
4405 1813 0.11186 1
4406 1815 0.10807 1
4407 1816 0.07620 1
4408 1818 0.06848 1
4409 1819 0.06462 1
4410 1820 0.06996 1
4411 1822 0.06885 1
4412 1821 0.07130 1
4413 1824 0.06699 1
4414 1825 0.07340 1
4415 1827 0.07534 1
4416 1829 0.06614 1
4417 1829 0.06050 1
4418 1831 0.06506 1
4419 1832 0.06012 1
4420 1833 0.05488 1
4421 1834 0.07611 1
4422 1835 0.04852 1
4423 1837 0.05896 1
4424 1838 0.05465 1
4425 1839 0.06428 1
4426 1841 0.05807 1
4427 1841 0.05368 1
4428 1842 0.05322 1
4429 1844 0.06459 1
4430 1844 0.04404 1
4431 1846 0.05860 1
4432 1846 0.05721 1
4433 1848 0.04137 1
4434 1849 0.04442 1
4435 1849 0.04349 1
4436 1851 0.04045 1
4437 1852 0.04428 1
4438 1852 0.02905 1
4439 1854 0.04090 1
4440 1855 0.03572 1
4441 1856 0.03889 1
4442 1857 0.04477 1
4443 1857 0.04579 1
4444 1859 0.03415 1
4445 1859 0.04680 1
4446 1861 0.04231 1
4447 1862 0.04074 1
4448 1862 0.04233 1
4449 1864 0.04306 1
4450 1865 0.03343 1
4451 1867 0.04164 1
4452 1867 0.04325 1
4453 1876 0.06678 0
4454 1868 0.06296 1
4455 1870 0.05415 1
4456 1872 0.05983 1
4457 1875 0.05339 1
4458 1876 0.06359 1
4459 1876 0.04893 1
4460 1876 0.04516 1
4461 1877 0.03666 1
4462 1878 0.05757 1
4463 1879 0.05095 1
4464 1879 0.06636 1
4465 1879 0.05412 1
4466 1890 0.06153 0
4467 1883 0.06119 1
4468 1883 0.03916 1
4469 1884 0.04158 1
4470 1887 0.05394 1
4471 1887 0.04372 1
4472 1887 0.05062 1
4473 1889 0.03601 1
4474 1891 0.03072 1
4475 1891 0.03059 1
4476 1891 0.02371 1
4477 1891 0.04650 1
4478 1895 0.05127 1
4479 1896 0.03953 1
4480 1895 0.05027 1
4481 1897 0.04062 1
4482 1896 0.05018 1
4483 1899 0.04174 1
4484 1900 0.03353 1
4485 1902 0.04004 1
4486 1902 0.05218 1
4487 1904 0.02895 1
4488 1906 0.03845 1
4489 1905 0.03091 1
4490 1906 0.04064 1
4491 1907 0.03926 1
4492 1910 0.04009 1
4493 1909 0.06749 1
4494 1910 0.05343 1
4495 1922 0.06617 0
4496 1912 0.04992 1
4497 1913 0.05089 1
4498 1913 0.06091 1
4499 1915 0.05099 1
4500 1917 0.04964 1
4501 1920 0.06436 1
4502 1920 0.06109 1
4503 1920 0.05444 1
4504 1920 0.03220 1
4505 1921 0.04207 1
4506 1922 0.06364 1
4507 1928 0.04550 0
4508 1924 0.05071 1
4509 1925 0.03434 1
4510 1929 0.04164 1
4511 1928 0.05520 1
4512 1928 0.03729 1
4513 1929 0.04921 1
4514 1931 0.04101 1
4515 1931 0.02024 1
4516 1933 0.04225 1
4517 1933 0.04299 1
4518 1934 0.04402 1
4519 1935 0.03992 1
4520 1936 0.03441 1
4521 1937 0.04869 1
4522 1938 0.03950 1
4523 1939 0.02349 1
4524 1940 0.03364 1
4525 1941 0.03145 1
4526 1942 0.02808 1
4527 1943 0.02499 1
4528 1945 0.03424 1
4529 1945 0.03459 1
4530 1946 0.04948 1
4531 1945 0.03345 0
4532 1948 0.03919 1
4533 1949 0.04452 1
4534 1951 0.05047 1
4535 1951 0.04964 1
4536 1952 0.04357 1
4537 1954 0.04927 1
4538 1954 0.05199 1
4539 1955 0.05296 1
4540 1956 0.04127 1
4541 1957 0.04033 1
4542 1959 0.02414 1
4543 1960 0.03126 1
4544 1961 0.01690 1
4545 1962 0.01660 1
4546 1963 0.02557 1
4547 1964 0.03183 1
4548 1966 0.04251 1
4549 1967 0.03249 1
4550 1968 0.02274 1
4551 1970 0.03335 1
4552 1971 0.02952 1
4553 1971 0.02418 1
4554 1973 0.01745 1
4555 1974 0.03409 1
4556 1976 0.02182 1
4557 1977 0.01949 1
4558 1979 0.02472 1
4559 1980 0.03355 1
4560 1982 0.02874 1
4561 1984 0.02328 1
4562 1986 0.02530 1
4563 1987 0.05745 1
4564 1990 0.09175 1
4565 1991 0.07245 1
4566 1993 0.09559 1
4567 1995 0.10929 1
4568 1997 0.12536 1
4569 1998 0.18777 1
4570 2001 0.25110 1
4571 2004 0.36070 1
4572 2003 0.38441 1
4573 2005 0.37382 1
4574 1032 0.33314 0
4575 1032 0.28326 0
4576 3412 0.27998 1
4577 3411 0.18105 1
4578 3409 0.12599 1
4579 3406 0.13058 1
4580 3404 0.18747 1
4581 1049 0.41803 0
4582 2965 0.45510 0
4583 2965 0.42338 0
4584 930 0.36426 0
4585 2783 0.42625 0
4586 931 0.36928 0
4587 2787 0.37602 0
4588 2787 0.37209 0
4589 2787 0.38026 0
4590 2787 0.37595 0
4591 2786 0.34874 0
4592 2786 0.36377 0
4593 2786 0.33261 0
4594 2947 0.38629 0
4595 2783 0.40140 0
4596 3373 0.38211 0
4597 3376 0.29814 1
4598 3372 0.39471 0
4599 3372 0.39451 1
4600 3371 0.39819 1
4601 3371 0.37899 1
4602 767 0.39084 0
4603 3367 0.39705 1
4604 3367 0.39374 1
4605 3367 0.41594 1
4606 3366 0.47475 1
4607 3787 0.62453 0
4608 3362 0.39254 1
4609 3359 0.35710 1
4610 234 0.53473 0
4611 234 0.53644 0
4612 3778 0.55802 0
4613 234 0.52498 0
4614 3780 0.47623 0
4615 3783 0.46453 0
4616 3783 0.46311 0
4617 3363 0.43635 0
4618 3791 0.43498 0
4619 3791 0.44172 0
4620 3363 0.41727 0
4621 3365 0.43108 0
4622 3791 0.43235 0
4623 238 0.39918 0
4624 3367 0.43759 0
4625 3363 0.43620 0
4626 236 0.39459 0
4627 236 0.37366 0
4628 239 0.37392 0
4629 238 0.34731 0
4630 239 0.32733 0
4631 239 0.33296 0
4632 240 0.29575 0
4633 242 0.32404 0
4634 240 0.33164 0
4635 243 0.33025 0
4636 776 0.34663 0
4637 2994 0.33539 0
4638 2997 0.24026 0
4639 2996 0.27830 0
4640 2997 0.25305 0
4641 1959 0.19883 0
4642 1848 0.24734 0
4643 1851 0.23084 0
4644 1851 0.22610 0
4645 1947 0.18815 0
4646 1947 0.20482 0
4647 1943 0.20336 0
4648 1955 0.20407 0
4649 1955 0.21787 0
4650 1955 0.23138 0
4651 1955 0.20479 0
4652 1955 0.21897 0
4653 1955 0.24137 0
4654 1954 0.36208 0
4655 1955 0.36811 0
4656 1955 0.36196 0
4657 1956 0.28380 0
4658 1956 0.29555 0
4659 1952 0.31123 0
4660 1952 0.40011 0
4661 1952 0.32525 0
