301 1 0.54502 0
302 1 0.54832 0
303 1 0.55660 0
304 1 0.54080 0
305 1 0.53310 0
306 1 0.54867 0
307 1 0.54730 0
308 1 0.53991 0
309 1 0.53132 0
310 1 0.52349 0
311 8 0.52117 0
312 8 0.51059 0
313 1 0.52737 0
314 2 0.55196 0
315 2 0.54428 0
316 4 0.52696 0
317 5 0.53758 0
318 10 0.55017 0
319 1 0.53283 0
320 4 0.52742 0
321 1 0.52549 0
322 3 0.55623 0
323 8 0.53517 0
324 20 0.50242 0
325 20 0.50453 0
326 20 0.50403 0
327 20 0.50311 0
328 8 0.49609 0
329 8 0.51790 0
330 8 0.51585 0
331 7 0.51964 0
332 7 0.53372 0
333 3 0.52115 0
334 3 0.50491 0
335 7 0.48960 0
336 8 0.48506 0
337 23 0.51468 0
338 23 0.50292 0
339 3 0.49530 0
340 10 0.52274 0
341 39 0.50990 0
342 11 0.49258 0
343 11 0.50522 0
344 8 0.50017 0
345 2 0.51624 0
346 3 0.50911 0
347 3 0.50930 0
348 2 0.52265 0
349 7 0.54778 0
350 7 0.55994 0
351 8 0.55216 0
352 11 0.53990 0
353 7 0.53335 0
354 6 0.52142 0
355 5 0.53357 0
356 5 0.52556 0
357 2 0.52361 0
358 2 0.51956 0
359 3 0.53047 0
360 4 0.54795 0
361 8 0.56436 0
362 5 0.58684 0
363 7 0.58736 0
364 2 0.58722 0
365 7 0.58187 0
366 7 0.56806 0
367 7 0.57154 0
368 1 0.58890 0
369 5 0.59664 0
370 3 0.58317 0
371 11 0.60380 0
372 6 0.56055 0
373 3 0.54231 0
374 7 0.53131 0
375 3 0.52951 0
376 2 0.53727 0
377 3 0.54586 0
378 5 0.52920 0
379 8 0.51647 0
380 1 0.52638 0
381 69 0.52621 0
382 4 0.52959 0
383 3 0.52956 0
384 3 0.53143 0
385 46 0.51147 0
386 45 0.52037 0
387 67 0.50851 0
388 7 0.52858 0
389 67 0.49727 0
390 69 0.55777 0
391 55 0.55230 0
392 3 0.53867 0
393 77 0.53991 0
394 68 0.54086 0
395 68 0.54075 0
396 68 0.51922 0
397 77 0.50957 0
398 68 0.51735 0
399 67 0.50603 0
400 77 0.50262 0
401 77 0.50279 0
402 77 0.49195 0
403 77 0.52155 0
404 80 0.52730 0
405 69 0.53934 0
406 49 0.51786 0
407 69 0.56650 0
408 22 0.53244 0
409 58 0.56856 0
410 67 0.53504 0
411 65 0.53617 0
412 20 0.56039 0
413 23 0.55848 0
414 67 0.53314 0
415 59 0.57376 0
416 11 0.56409 0
417 63 0.56737 0
418 16 0.55591 0
419 63 0.54621 0
420 108 0.48027 0
421 63 0.55494 0
422 51 0.54294 0
423 51 0.53203 0
424 65 0.57734 0
425 44 0.54611 0
426 44 0.53996 0
427 48 0.51695 0
428 11 0.54512 0
429 3 0.53442 0
430 11 0.53043 0
431 8 0.55355 0
432 3 0.54838 0
433 8 0.53418 0
434 3 0.54126 0
435 5 0.52550 0
436 3 0.53717 0
437 2 0.54813 0
438 2 0.55189 0
439 2 0.54712 0
440 3 0.57113 0
441 2 0.51164 0
442 2 0.60422 0
443 8 0.60541 0
444 8 0.61554 0
445 3 0.59975 0
446 1 0.59454 0
447 3 0.61057 0
448 3 0.56539 0
449 8 0.60994 0
450 12 0.61525 0
451 149 0.47102 0
452 149 0.48320 0
453 149 0.49329 0
454 149 0.49493 0
455 3 0.61202 0
456 149 0.51868 0
457 149 0.50050 0
458 149 0.51892 0
459 71 0.63915 0
460 8 0.67729 0
461 161 0.51521 0
462 157 0.47821 0
463 157 0.49440 0
464 156 0.49184 0
465 157 0.50327 0
466 157 0.49743 0
467 157 0.49041 0
468 159 0.48771 0
469 160 0.48908 0
470 160 0.49984 0
471 171 0.41799 0
472 171 0.42605 0
473 171 0.42787 0
474 171 0.42191 0
475 171 0.43092 0
476 171 0.43409 0
477 171 0.45262 0
478 168 0.46546 0
479 169 0.46375 0
480 170 0.46316 0
481 179 0.36812 0
482 179 0.36750 0
483 179 0.36315 0
484 179 0.35761 0
485 179 0.38498 0
486 179 0.39508 0
487 179 0.39941 0
488 179 0.40760 0
489 179 0.41146 0
490 179 0.42815 0
491 183 0.44735 0
492 183 0.44150 0
493 183 0.45740 0
494 183 0.46806 0
495 188 0.49205 0
496 188 0.48358 0
497 188 0.50893 0
498 188 0.48959 0
499 187 0.50414 0
500 187 0.48762 0
501 187 0.48538 0
502 187 0.50262 0
503 187 0.49917 0
504 187 0.51113 0
505 187 0.51240 0
506 187 0.51229 0
507 183 0.53216 0
508 198 0.52220 0
509 183 0.51856 0
510 183 0.52374 0
511 156 0.52805 0
512 183 0.54916 0
513 156 0.52164 0
514 180 0.47587 0
515 180 0.49286 0
516 186 0.50438 0
517 183 0.50392 0
518 176 0.50542 0
519 183 0.52200 0
520 176 0.50467 0
521 180 0.51882 0
522 177 0.50795 0
523 177 0.48407 0
524 176 0.46594 0
525 177 0.49449 0
526 179 0.49508 0
527 177 0.46169 0
528 179 0.49096 0
529 177 0.49999 0
530 177 0.49886 0
531 177 0.47146 0
532 177 0.49079 0
533 179 0.47647 0
534 179 0.48224 0
535 178 0.50343 0
536 179 0.49316 0
537 177 0.50840 0
538 177 0.52029 0
539 176 0.52134 0
540 176 0.49908 0
541 176 0.50989 0
542 176 0.50417 0
543 176 0.49091 0
544 177 0.49772 0
545 177 0.49539 0
546 177 0.50809 0
547 176 0.51108 0
548 177 0.50584 0
549 161 0.49023 0
550 180 0.49163 0
551 179 0.44977 0
552 177 0.50007 0
553 179 0.49757 0
554 177 0.48481 0
555 177 0.47901 0
556 176 0.48309 0
557 176 0.48069 0
558 176 0.47763 0
559 176 0.48697 0
560 179 0.47784 0
561 176 0.47101 0
562 178 0.46334 0
563 180 0.48629 0
564 177 0.45516 0
565 176 0.44483 0
566 176 0.47844 0
567 176 0.48090 0
568 179 0.48812 0
569 177 0.49214 0
570 172 0.46879 0
571 177 0.51124 0
572 177 0.51459 0
573 180 0.51662 0
574 170 0.49962 0
575 170 0.50619 0
576 169 0.49312 0
577 170 0.48682 0
578 169 0.48880 0
579 170 0.49519 0
580 172 0.49908 0
581 278 0.47731 0
582 278 0.46263 0
583 278 0.44386 0
584 279 0.44804 0
585 278 0.44642 0
586 281 0.46644 0
587 281 0.46430 0
588 281 0.46419 0
589 281 0.47519 0
590 281 0.48699 0
591 280 0.47783 0
592 278 0.47062 0
593 281 0.44575 0
594 281 0.43199 0
595 281 0.42989 0
596 281 0.44996 0
597 281 0.44967 0
598 281 0.43237 0
599 281 0.43803 0
600 281 0.43876 0
601 281 0.42212 0
602 281 0.41287 0
603 281 0.42741 0
604 281 0.42270 0
605 278 0.43437 0
606 281 0.44606 0
607 275 0.43034 0
608 275 0.44867 0
609 275 0.45179 0
610 281 0.45427 0
611 281 0.45326 0
612 281 0.45651 0
613 281 0.44717 0
614 281 0.44634 0
615 281 0.45261 0
616 281 0.46610 0
617 281 0.47377 0
618 278 0.47245 0
619 278 0.46733 0
620 281 0.46772 0
621 281 0.46881 0
622 281 0.48391 0
623 280 0.48799 0
624 280 0.48515 0
625 281 0.46265 0
626 281 0.47373 0
627 281 0.46980 0
628 280 0.49320 0
629 279 0.51185 0
630 281 0.50736 0
631 281 0.50298 0
632 281 0.47613 0
633 279 0.46140 0
634 279 0.45599 0
635 281 0.45208 0
636 278 0.46095 0
637 279 0.46598 0
638 281 0.45439 0
639 281 0.46196 0
640 280 0.45874 0
641 281 0.46033 0
642 279 0.44949 0
643 278 0.44841 0
644 281 0.44437 0
645 281 0.42537 0
646 281 0.45575 0
647 281 0.46382 0
648 281 0.46500 0
649 281 0.44780 0
650 278 0.44998 0
651 281 0.44363 0
652 281 0.42622 0
653 279 0.43657 0
654 278 0.44653 0
655 281 0.43988 0
656 281 0.43003 0
657 280 0.44014 0
658 281 0.43709 0
659 274 0.42529 0
660 281 0.42370 0
661 281 0.43246 0
662 278 0.44264 0
663 280 0.44499 0
664 278 0.44216 0
665 280 0.45059 0
666 281 0.42898 0
667 281 0.44032 0
668 281 0.42823 0
669 281 0.43876 0
670 281 0.45092 0
671 281 0.44737 0
672 281 0.42845 0
673 281 0.43089 0
674 281 0.45128 0
675 281 0.44958 0
676 281 0.45361 0
677 276 0.47620 0
678 280 0.46364 0
679 279 0.48417 0
680 278 0.48424 0
681 281 0.48409 0
682 281 0.49951 0
683 281 0.49206 0
684 177 0.48915 0
685 281 0.43734 0
686 281 0.42795 0
687 281 0.42533 0
688 280 0.43342 0
689 281 0.41949 0
690 278 0.45142 0
691 281 0.42510 0
692 281 0.42329 0
693 281 0.46161 0
694 183 0.46240 0
695 183 0.47315 0
696 281 0.49158 0
697 281 0.45263 0
698 295 0.44821 0
699 294 0.39984 0
700 281 0.40925 0
701 295 0.44309 0
702 295 0.43291 0
703 294 0.45586 0
704 294 0.47822 0
705 286 0.39753 0
706 177 0.46033 0
707 293 0.44598 0
708 286 0.46662 0
709 288 0.43119 0
710 286 0.44013 0
711 293 0.43262 0
712 292 0.42480 0
713 289 0.40570 0
714 292 0.42940 0
715 289 0.40344 0
716 288 0.42093 0
717 290 0.43164 0
718 290 0.44774 0
719 290 0.44175 0
720 291 0.46491 0
721 291 0.48670 0
722 294 0.50036 0
723 294 0.48244 0
724 295 0.48143 0
725 295 0.46914 0
726 294 0.46796 0
727 294 0.47793 0
728 183 0.46976 0
729 279 0.43098 0
730 281 0.44093 0
731 281 0.42205 0
732 281 0.42595 0
733 281 0.42974 0
734 180 0.46420 0
735 180 0.45995 0
736 278 0.46149 0
737 278 0.45309 0
738 276 0.43004 0
739 274 0.43847 0
740 279 0.45354 0
741 279 0.42882 0
742 279 0.41914 0
743 279 0.42790 0
744 279 0.41326 0
745 281 0.42849 0
746 281 0.41093 0
747 281 0.41676 0
748 281 0.43066 0
749 280 0.43288 0
750 280 0.44828 0
751 280 0.46018 0
752 278 0.45546 0
753 278 0.45754 0
754 280 0.44840 0
755 278 0.44634 0
756 280 0.43235 0
757 280 0.43757 0
758 278 0.46389 0
759 278 0.45531 0
760 280 0.45745 0
761 278 0.48155 0
762 454 0.55083 0
763 454 0.55175 0
764 454 0.58616 0
765 454 0.59177 0
766 449 0.57732 0
767 178 0.50426 0
768 178 0.51574 0
769 177 0.52199 0
770 178 0.52042 0
771 178 0.50107 0
772 178 0.51530 0
773 178 0.51535 0
774 178 0.52007 0
775 178 0.52405 0
776 178 0.50299 0
777 178 0.50665 0
778 178 0.50371 0
779 179 0.52374 0
780 179 0.52827 0
781 179 0.52366 0
782 179 0.52025 0
783 179 0.51538 0
784 178 0.52690 0
785 179 0.53229 0
786 178 0.49423 0
787 178 0.50973 0
788 178 0.49725 0
789 180 0.48798 0
790 178 0.46513 0
791 178 0.50252 0
792 178 0.49179 0
793 178 0.55847 0
794 183 0.50648 0
795 178 0.52876 0
796 291 0.49312 0
797 294 0.41386 0
798 179 0.52847 0
799 179 0.53191 0
800 294 0.53988 0
801 179 0.54171 0
802 180 0.52929 0
803 179 0.54051 0
804 294 0.46420 0
805 183 0.53679 0
806 179 0.52004 0
807 183 0.53492 0
808 278 0.50119 0
809 449 0.58726 0
810 447 0.59451 0
811 450 0.58927 0
812 449 0.59310 0
813 511 0.38549 0
814 511 0.37942 0
815 511 0.37969 0
816 511 0.39728 0
817 511 0.43027 0
818 511 0.42701 0
819 511 0.46101 0
820 506 0.48522 0
821 518 0.38079 0
822 519 0.36260 0
823 520 0.36175 0
824 521 0.35519 0
825 521 0.34636 0
826 521 0.34719 0
827 521 0.36029 0
828 521 0.37570 0
829 521 0.37879 0
830 521 0.39987 0
831 528 0.30605 0
832 528 0.27098 0
833 528 0.28176 0
834 531 0.29734 0
835 531 0.29344 0
836 531 0.27715 0
837 531 0.28943 0
838 531 0.31154 0
839 531 0.31771 0
840 531 0.33611 0
841 538 0.28621 0
842 540 0.27843 0
843 541 0.28700 0
844 541 0.29143 0
845 539 0.27190 0
846 539 0.27008 0
847 539 0.25626 0
848 541 0.26406 0
849 541 0.26059 0
850 541 0.25877 0
851 550 0.22032 0
852 550 0.21084 0
853 550 0.22749 0
854 548 0.22777 0
855 548 0.21880 0
856 548 0.20015 0
857 548 0.19385 0
858 547 0.20757 0
859 547 0.21170 0
860 547 0.21160 0
861 555 0.22100 0
862 556 0.22672 0
863 553 0.21410 0
864 554 0.22621 0
865 553 0.22954 0
866 548 0.21177 0
867 547 0.22667 0
868 550 0.24795 0
869 556 0.22710 0
870 547 0.22889 0
871 562 0.24611 0
872 546 0.22972 0
873 553 0.22195 0
874 553 0.22467 0
875 553 0.21532 0
876 553 0.18328 0
877 550 0.19184 0
878 556 0.20679 0
879 550 0.23072 0
880 553 0.23565 0
881 553 0.20382 0
882 553 0.20287 0
883 555 0.23438 0
884 545 0.21152 0
885 545 0.22826 0
886 545 0.24124 0
887 545 0.22956 0
888 544 0.20654 0
889 544 0.21803 0
890 545 0.23174 0
891 545 0.22930 0
892 545 0.22012 0
893 545 0.21043 0
894 553 0.19361 0
895 553 0.19728 0
896 549 0.24221 0
897 548 0.22205 0
898 555 0.22991 0
899 554 0.22464 0
900 562 0.21609 0
901 562 0.22861 0
902 555 0.22348 0
903 559 0.18725 0
904 562 0.18250 0
905 561 0.17410 0
906 562 0.16026 0
907 562 0.18507 0
908 557 0.19172 0
909 558 0.21097 0
910 547 0.22102 0
911 583 0.28226 0
912 581 0.26350 0
913 563 0.24259 0
914 577 0.27218 0
915 611 0.24263 0
916 576 0.28209 0
917 576 0.28625 0
918 534 0.29398 0
919 534 0.29342 0
920 534 0.28313 0
921 534 0.26446 0
922 530 0.26944 0
923 530 0.25265 0
924 616 0.23177 0
925 616 0.22971 0
926 617 0.20980 0
927 615 0.21566 0
928 615 0.22171 0
929 562 0.21582 0
930 562 0.21265 0
931 630 0.21186 0
932 624 0.23123 0
933 626 0.22382 0
934 627 0.21775 0
935 619 0.22013 0
936 619 0.20060 0
937 619 0.24435 0
938 619 0.23436 0
939 626 0.23398 0
940 626 0.23184 0
941 628 0.22424 0
942 630 0.23244 0
943 630 0.25650 0
944 631 0.25457 0
945 633 0.25358 0
946 633 0.25546 0
947 552 0.20796 0
948 555 0.19494 0
949 555 0.20253 0
950 550 0.18246 0
951 549 0.20036 0
952 549 0.17435 0
953 550 0.16154 0
954 548 0.17053 0
955 548 0.18719 0
956 548 0.18690 0
957 545 0.19215 0
958 540 0.18792 0
959 547 0.21363 0
960 548 0.19187 0
961 537 0.18250 0
962 548 0.16966 0
963 548 0.19779 0
964 539 0.20785 0
965 539 0.21652 0
966 545 0.20646 0
967 543 0.20934 0
968 539 0.21813 0
969 548 0.19968 0
970 544 0.21993 0
971 545 0.21917 0
972 548 0.22937 0
973 545 0.22949 0
974 543 0.23008 0
975 548 0.25649 0
976 548 0.24928 0
977 548 0.24824 0
978 523 0.24560 0
979 537 0.28000 0
980 523 0.29554 0
981 523 0.31310 0
982 523 0.34950 0
983 542 0.32266 0
984 672 0.37947 0
985 523 0.33562 0
986 517 0.33266 0
987 517 0.34127 0
988 516 0.36025 0
989 512 0.37769 0
990 518 0.36546 0
991 512 0.33170 0
992 513 0.35010 0
993 511 0.36554 0
994 277 0.46899 0
995 266 0.44609 0
996 506 0.40985 0
997 506 0.40864 0
998 417 0.47306 0
999 408 0.45514 0
1000 408 0.45076 0
1001 408 0.44160 0
1002 408 0.44144 0
1003 408 0.43712 0
1004 407 0.43634 0
1005 408 0.43197 0
1006 410 0.42962 0
1007 408 0.43526 0
1008 408 0.42795 0
1009 189 0.47809 0
1010 408 0.43300 0
1011 189 0.46805 0
1012 304 0.47198 0
1013 304 0.46885 0
1014 189 0.43431 0
1015 432 0.42422 0
1016 339 0.43180 0
1017 339 0.44111 0
1018 344 0.44854 0
1019 344 0.42853 0
1020 186 0.44468 0
1021 304 0.42387 0
1022 304 0.42090 0
1023 304 0.43917 0
1024 304 0.41924 0
1025 306 0.42399 0
1026 306 0.40343 0
1027 305 0.40007 0
1028 301 0.38998 0
1029 305 0.39121 0
1030 305 0.39780 0
1031 186 0.38477 0
1032 308 0.38214 0
1033 308 0.37349 0
1034 308 0.37513 0
1035 308 0.37442 0
1036 189 0.37951 0
1037 191 0.37524 0
1038 344 0.37334 0
1039 191 0.39417 0
1040 192 0.37621 0
1041 196 0.36604 0
1042 194 0.37568 0
1043 196 0.35296 0
1044 380 0.36265 0
1045 379 0.34848 0
1046 196 0.39563 0
1047 196 0.38690 0
1048 379 0.36535 0
1049 198 0.38755 0
1050 379 0.36830 0
1051 192 0.40417 0
1052 313 0.39575 0
1053 194 0.38092 0
1054 193 0.40681 0
1055 193 0.41297 0
1056 193 0.42514 0
1057 191 0.41950 0
1058 491 0.46532 0
1059 313 0.42774 0
1060 488 0.46438 0
1061 493 0.48993 0
1062 489 0.46117 0
1063 489 0.43713 0
1064 489 0.44313 0
1065 489 0.42605 0
1066 489 0.43435 0
1067 480 0.37997 0
1068 488 0.43128 0
1069 488 0.42995 0
1070 488 0.40841 0
1071 488 0.43476 0
1072 496 0.49130 0
1073 496 0.48675 0
1074 493 0.46240 0
1075 492 0.41698 0
1076 493 0.40680 0
1077 496 0.47580 0
1078 493 0.38259 0
1079 493 0.38643 0
1080 493 0.38239 0
1081 493 0.46129 0
1082 496 0.39434 0
1083 496 0.40115 0
1084 496 0.39024 0
1085 499 0.39931 0
1086 499 0.39045 0
1087 192 0.46182 0
1088 451 0.45352 0
1089 451 0.47108 0
1090 507 0.41282 0
1091 499 0.44014 0
1092 500 0.43119 0
1093 495 0.44311 0
1094 499 0.43735 0
1095 499 0.43054 0
1096 507 0.41961 0
1097 511 0.38838 0
1098 503 0.45091 0
1099 511 0.44133 0
1100 511 0.44158 0
1101 743 0.43732 0
1102 518 0.34582 0
1103 518 0.36774 0
1104 746 0.42755 0
1105 518 0.37448 0
1106 520 0.36199 0
1107 519 0.38342 0
1108 519 0.39578 0
1109 519 0.40780 0
1110 679 0.40574 0
1111 678 0.39897 0
1112 678 0.41376 0
1113 673 0.38814 0
1114 678 0.43160 0
1115 678 0.41809 0
1116 679 0.40637 0
1117 678 0.37417 0
1118 555 0.30542 0
1119 542 0.33362 0
1120 738 0.36087 0
1121 673 0.35424 0
1122 678 0.40860 0
1123 766 0.41904 0
1124 767 0.38864 0
1125 767 0.39863 0
1126 766 0.41777 0
1127 577 0.35780 0
1128 748 0.44392 0
1129 766 0.41134 0
1130 699 0.49244 0
1131 701 0.49201 0
1132 748 0.46712 0
1133 748 0.45315 0
1134 693 0.44550 0
1135 748 0.35603 0
1136 748 0.37980 0
1137 545 0.33349 0
1138 525 0.37170 0
1139 525 0.34198 0
1140 525 0.35111 0
1141 525 0.35642 0
1142 534 0.29382 0
1143 545 0.28579 0
1144 635 0.34689 0
1145 555 0.24480 0
1146 603 0.25256 0
1147 604 0.25453 0
1148 551 0.18030 0
1149 552 0.18991 0
1150 828 0.24698 0
1151 552 0.18510 0
1152 550 0.21658 0
1153 553 0.20317 0
1154 836 0.26601 0
1155 837 0.25766 0
1156 837 0.28604 0
1157 839 0.26876 0
1158 841 0.27586 0
1159 841 0.27245 0
1160 844 0.27547 0
1161 854 0.26479 0
1162 844 0.28292 0
1163 849 0.26194 0
1164 849 0.26260 0
1165 850 0.24558 0
1166 851 0.26770 0
1167 844 0.27820 0
1168 849 0.26703 0
1169 849 0.26379 0
1170 844 0.26767 0
1171 845 0.29397 0
1172 851 0.27462 0
1173 851 0.26631 0
1174 646 0.28151 0
1175 851 0.26154 0
1176 854 0.24616 0
1177 854 0.23466 0
1178 855 0.22630 0
1179 855 0.24133 0
1180 853 0.25909 0
1181 856 0.25715 0
1182 854 0.24823 0
1183 855 0.24211 0
1184 863 0.22284 0
1185 611 0.18861 0
1186 863 0.23305 0
1187 611 0.20887 0
1188 611 0.20651 0
1189 611 0.21870 0
1190 611 0.21081 0
1191 613 0.25574 0
1192 615 0.23374 0
1193 874 0.23984 0
1194 882 0.23549 0
1195 875 0.23831 0
1196 875 0.25077 0
1197 878 0.23796 0
1198 878 0.22140 0
1199 603 0.21036 0
1200 612 0.22635 0
1201 604 0.21387 0
1202 612 0.21787 0
1203 611 0.19961 0
1204 612 0.19542 0
1205 856 0.19286 0
1206 858 0.19350 0
1207 612 0.21757 0
1208 611 0.21252 0
1209 556 0.17893 0
1210 558 0.18394 0
1211 557 0.18958 0
1212 558 0.17560 0
1213 553 0.17361 0
1214 554 0.17812 0
1215 553 0.17197 0
1216 553 0.17692 0
1217 553 0.18558 0
1218 895 0.18715 0
1219 895 0.17341 0
1220 553 0.17856 0
1221 552 0.20364 0
1222 559 0.21493 0
1223 552 0.20939 0
1224 883 0.20738 0
1225 876 0.19937 0
1226 876 0.20702 0
1227 876 0.21723 0
1228 875 0.22206 0
1229 881 0.24089 0
1230 876 0.21078 0
1231 890 0.25224 0
1232 895 0.23080 0
1233 891 0.23435 0
1234 894 0.22234 0
1235 551 0.22910 0
1236 552 0.21149 0
1237 892 0.24376 0
1238 548 0.23473 0
1239 855 0.23933 0
1240 854 0.26527 0
1241 892 0.26587 0
1242 892 0.26679 0
1243 893 0.26950 0
1244 893 0.26372 0
1245 893 0.26235 0
1246 889 0.26563 0
1247 890 0.25848 0
1248 891 0.25430 0
1249 891 0.25561 0
1250 892 0.26208 0
1251 660 0.27193 0
1252 892 0.26012 0
1253 892 0.29292 0
1254 892 0.27462 0
1255 892 0.26601 0
1256 892 0.28641 0
1257 839 0.27501 0
1258 660 0.26799 0
1259 597 0.26376 0
1260 863 0.27702 0
1261 863 0.26234 0
1262 836 0.28232 0
1263 837 0.26774 0
1264 598 0.23710 0
1265 837 0.25486 0
1266 833 0.22722 0
1267 832 0.23515 0
1268 832 0.24526 0
1269 831 0.23865 0
1270 829 0.25229 0
1271 829 0.24300 0
1272 829 0.22416 0
1273 828 0.22206 0
1274 829 0.23676 0
1275 827 0.23303 0
1276 826 0.24372 0
1277 826 0.26851 0
1278 825 0.24890 0
1279 826 0.28592 0
1280 826 0.26423 0
1281 823 0.26429 0
1282 822 0.29183 0
1283 822 0.29186 0
1284 822 0.27365 0
1285 822 0.28530 0
1286 820 0.29345 0
1287 820 0.28162 0
1288 820 0.27283 0
1289 818 0.26538 0
1290 818 0.26421 0
1291 816 0.27992 0
1292 816 0.26944 0
1293 816 0.26404 0
1294 815 0.28832 0
1295 815 0.28133 0
1296 814 0.28150 0
1297 811 0.28984 0
1298 811 0.29615 0
1299 810 0.30718 0
1300 811 0.30683 0
1301 809 0.31016 0
1302 809 0.29561 0
1303 808 0.31004 0
1304 808 0.29861 0
1305 805 0.33577 0
1306 805 0.30645 0
1307 805 0.28964 0
1308 723 0.33935 0
1309 722 0.33303 0
1310 707 0.32554 0
1311 720 0.34543 0
1312 720 0.35032 0
1313 800 0.34797 0
1314 800 0.34269 0
1315 800 0.29704 0
1316 800 0.30288 0
1317 799 0.32014 0
1318 800 0.26173 0
1319 799 0.28269 0
1320 798 0.30693 0
1321 799 0.25660 0
1322 798 0.29367 0
1323 799 0.28475 0
1324 798 0.28887 0
1325 796 0.30581 0
1326 796 0.31824 0
1327 798 0.33224 0
1328 794 0.32694 0
1329 793 0.33134 0
1330 794 0.32758 0
1331 726 0.32176 0
1332 793 0.32538 0
1333 726 0.34408 0
1334 726 0.33402 0
1335 726 0.33593 0
1336 728 0.33267 0
1337 732 0.33003 0
1338 728 0.34997 0
1339 729 0.33790 0
1340 733 0.34681 0
1341 735 0.32663 0
1342 735 0.31767 0
1343 735 0.32422 0
1344 736 0.33586 0
1345 735 0.37586 0
1346 738 0.33479 0
1347 737 0.36497 0
1348 743 0.34795 0
1349 524 0.35921 0
1350 524 0.34641 0
1351 522 0.36737 0
1352 747 0.40405 0
1353 746 0.38876 0
1354 582 0.40225 0
1355 747 0.34609 0
1356 747 0.34252 0
1357 750 0.38233 0
1358 748 0.38071 0
1359 573 0.38210 0
1360 748 0.41670 0
1361 533 0.35902 0
1362 703 0.50439 0
1363 761 0.40790 0
1364 692 0.51164 0
1365 662 0.35381 0
1366 662 0.34390 0
1367 662 0.35422 0
1368 911 0.30666 0
1369 534 0.32665 0
1370 910 0.31976 0
1371 850 0.31821 0
1372 911 0.32439 0
1373 546 0.27093 0
1374 547 0.25821 0
1375 547 0.27381 0
1376 547 0.25992 0
1377 550 0.23012 0
1378 550 0.24451 0
1379 679 0.33444 0
1380 555 0.26393 0
1381 553 0.27561 0
1382 555 0.23982 0
1383 555 0.24358 0
1384 553 0.25762 0
1385 558 0.25677 0
1386 903 0.29160 0
1387 903 0.29207 0
1388 936 0.34128 0
1389 904 0.30196 0
1390 904 0.32133 0
1391 904 0.32789 0
1392 735 0.37636 0
1393 683 0.39226 0
1394 689 0.40162 0
1395 687 0.41167 0
1396 687 0.41021 0
1397 788 0.34108 0
1398 789 0.34522 0
1399 789 0.34592 0
1400 789 0.33538 0
1401 788 0.36999 0
1402 791 0.33632 0
1403 789 0.36379 0
1404 791 0.33586 0
1405 788 0.37853 0
1406 722 0.27545 0
1407 722 0.28047 0
1408 722 0.29868 0
1409 722 0.31368 0
1410 722 0.32480 0
1411 720 0.32627 0
1412 713 0.35940 0
1413 713 0.36644 0
1414 714 0.38145 0
1415 798 0.37057 1
1416 798 0.35164 1
1417 798 0.34216 1
1418 797 0.31844 1
1419 797 0.30285 1
1420 797 0.27551 1
1421 797 0.27078 1
1422 795 0.19791 1
1423 795 0.18229 1
1424 793 0.17029 1
1425 793 0.15040 1
1426 790 0.13731 1
1427 790 0.14085 1
1428 789 0.13881 1
1429 786 0.14017 1
1430 786 0.09158 1
1431 785 0.11367 1
1432 784 0.15283 1
1433 783 0.20131 1
1434 782 0.23275 1
1435 778 0.23226 1
1436 778 0.23299 1
1437 776 0.25537 1
1438 775 0.26222 1
1439 773 0.28112 1
1440 772 0.27247 1
1441 772 0.24873 1
1442 771 0.23773 1
1443 770 0.27270 1
1444 768 0.25939 1
1445 768 0.26501 1
1446 767 0.27417 1
1447 765 0.29559 1
1448 763 0.26546 1
1449 762 0.25506 1
1450 762 0.26269 1
1451 761 0.25647 1
1452 760 0.27502 1
1453 759 0.24090 1
1454 757 0.27057 1
1455 757 0.24810 1
1456 757 0.27600 0
1457 754 0.27551 1
1458 753 0.26095 1
1459 753 0.27208 1
1460 751 0.26582 1
1461 750 0.25241 1
1462 749 0.22236 1
1463 749 0.22027 1
1464 747 0.22512 1
1465 747 0.22561 1
1466 746 0.21835 1
1467 745 0.22100 1
1468 743 0.21626 1
1469 742 0.19960 1
1470 742 0.19769 1
1471 741 0.21787 1
1472 740 0.23717 1
1473 739 0.21929 1
1474 738 0.21413 1
1475 738 0.22504 1
1476 736 0.20326 1
1477 734 0.19710 1
1478 735 0.17699 1
1479 733 0.17272 1
1480 733 0.17012 1
1481 733 0.17931 1
1482 730 0.20756 1
1483 730 0.16152 1
1484 730 0.16009 1
1485 730 0.13427 1
1486 730 0.15342 1
1487 727 0.15403 1
1488 727 0.11052 1
1489 727 0.09404 1
1490 727 0.09884 1
1491 724 0.08813 1
1492 724 0.05601 1
1493 724 0.05413 1
1494 724 0.06568 1
1495 724 0.09306 1
1496 722 0.10028 1
1497 722 0.10286 1
1498 720 0.09876 1
1499 720 0.09947 1
1500 718 0.13710 1
1501 718 0.15470 1
1502 720 0.19164 1
1503 718 0.20809 1
1504 716 0.23066 1
1505 716 0.25488 1
1506 716 0.27053 1
1507 714 0.29773 1
1508 715 0.33941 0
1509 714 0.32583 0
1510 799 0.37999 0
1511 797 0.36311 0
1512 797 0.33800 0
1513 797 0.33015 0
1514 795 0.30806 0
1515 726 0.36804 0
1516 795 0.28826 0
1517 795 0.30591 0
1518 726 0.36630 0
1519 726 0.36196 0
1520 729 0.41997 0
1521 789 0.32093 0
1522 786 0.32895 0
1523 786 0.32548 0
1524 786 0.31657 0
1525 783 0.34846 0
1526 784 0.31943 0
1527 783 0.34749 0
1528 782 0.34712 0
1529 782 0.38029 0
1530 782 0.38666 0
1531 819 0.39551 0
1532 522 0.32271 0
1533 522 0.31854 0
1534 524 0.29967 0
1535 585 0.36198 0
1536 524 0.28644 0
1537 528 0.28686 0
1538 910 0.28540 0
1539 923 0.28949 0
1540 923 0.30530 0
1541 923 0.29827 0
1542 922 0.31796 0
1543 911 0.31099 0
1544 910 0.30452 0
1545 911 0.30865 0
1546 1165 0.28798 0
1547 572 0.33790 0
1548 924 0.33324 0
1549 911 0.33714 0
1550 911 0.34870 0
1551 571 0.33974 0
1552 572 0.35062 0
1553 571 0.31045 0
1554 571 0.32841 0
1555 1169 0.32059 0
1556 571 0.33888 0
1557 1128 0.37063 0
1558 1128 0.38580 0
1559 577 0.36353 0
1560 703 0.42739 0
1561 1131 0.37464 0
1562 1131 0.36918 0
1563 1128 0.40949 0
1564 1132 0.38201 0
1565 729 0.40336 0
1566 734 0.38231 0
1567 1128 0.35888 0
1568 1129 0.35451 0
1569 735 0.37262 0
1570 1127 0.34754 0
1571 737 0.33854 0
1572 1123 0.35791 0
1573 1123 0.35294 0
1574 1122 0.36183 0
1575 1122 0.35212 0
1576 1121 0.35379 0
1577 1120 0.34035 0
1578 1119 0.35982 0
1579 1120 0.38738 0
1580 1121 0.39383 0
1581 1121 0.39977 0
1582 1119 0.42224 0
1583 987 0.44250 0
1584 987 0.44416 0
1585 987 0.44649 0
1586 987 0.42037 0
1587 992 0.43815 0
1588 992 0.42464 0
1589 992 0.42060 0
1590 992 0.44103 0
1591 992 0.42275 0
1592 992 0.40729 0
1593 994 0.42236 0
1594 996 0.40547 0
1595 996 0.38837 0
1596 996 0.41126 0
1597 997 0.37791 0
1598 997 0.38453 0
1599 997 0.39119 0
1600 995 0.40731 0
1601 995 0.42838 0
1602 998 0.38366 0
1603 998 0.37933 0
1604 998 0.38970 0
1605 362 0.50219 0
1606 996 0.41078 0
1607 998 0.41580 0
1608 998 0.41239 0
1609 998 0.41866 0
1610 998 0.41834 0
1611 998 0.43167 0
1612 998 0.43757 0
1613 244 0.45177 0
1614 257 0.43302 0
1615 998 0.46259 0
1616 255 0.37474 0
1617 358 0.48446 0
1618 257 0.40941 0
1619 257 0.42759 0
1620 257 0.41966 0
1621 257 0.41435 0
1622 253 0.32462 0
1623 253 0.32010 0
1624 253 0.32285 0
1625 253 0.32782 0
1626 249 0.28285 1
1627 249 0.25470 1
1628 249 0.22752 1
1629 249 0.22611 1
1630 247 0.19268 1
1631 247 0.16934 1
1632 247 0.18333 1
1633 246 0.16459 1
1634 244 0.13554 1
1635 244 0.12420 1
1636 244 0.17498 1
1637 242 0.16703 1
1638 242 0.13213 1
1639 242 0.16887 1
1640 241 0.18465 1
1641 240 0.15824 1
1642 239 0.14737 1
1643 239 0.13495 1
1644 239 0.15310 1
1645 238 0.16627 1
1646 237 0.16074 1
1647 236 0.14385 1
1648 236 0.15263 1
1649 235 0.14663 1
1650 234 0.15385 1
1651 234 0.13492 1
1652 234 0.14318 1
1653 233 0.14469 1
1654 232 0.14894 1
1655 232 0.13693 1
1656 231 0.14742 1
1657 230 0.15038 1
1658 230 0.15051 1
1659 229 0.15584 1
1660 229 0.16653 1
1661 227 0.17552 1
1662 227 0.15398 1
1663 227 0.17151 1
1664 225 0.15854 1
1665 225 0.13828 1
1666 225 0.17209 1
1667 224 0.17396 1
1668 223 0.17618 1
1669 222 0.17597 1
1670 222 0.15940 1
1671 221 0.17433 1
1672 220 0.16508 1
1673 219 0.14838 1
1674 219 0.11828 1
1675 218 0.11955 1
1676 218 0.13368 1
1677 217 0.10542 1
1678 216 0.11001 1
1679 215 0.10776 1
1680 214 0.13804 1
1681 358 0.42462 0
1682 266 0.44799 0
1683 352 0.39044 0
1684 354 0.40313 0
1685 311 0.46202 0
1686 352 0.40871 0
1687 309 0.44638 0
1688 309 0.43555 0
1689 277 0.42160 0
1690 276 0.40031 0
1691 277 0.40436 0
1692 274 0.41117 0
1693 279 0.41078 0
1694 991 0.48558 0
1695 1294 0.47842 0
1696 1300 0.49085 0
1697 991 0.48723 0
1698 1001 0.50153 0
1699 198 0.22592 1
1700 197 0.22034 1
1701 197 0.22098 1
1702 196 0.23435 1
1703 195 0.21540 1
1704 194 0.21533 1
1705 193 0.21959 1
1706 192 0.19542 1
1707 191 0.17530 1
1708 190 0.18677 1
1709 189 0.17720 1
1710 188 0.17747 1
1711 188 0.19176 1
1712 186 0.19513 1
1713 186 0.16608 1
1714 185 0.15855 1
1715 184 0.13475 1
1716 183 0.14358 1
1717 182 0.13158 1
1718 181 0.12659 1
1719 180 0.14000 1
1720 179 0.13350 1
1721 178 0.15444 1
1722 177 0.14367 1
1723 176 0.11400 1
1724 175 0.11432 1
1725 174 0.12484 1
1726 173 0.11697 1
1727 172 0.14213 1
1728 171 0.14637 1
1729 170 0.13925 1
1730 169 0.14482 1
1731 168 0.14675 1
1732 166 0.14820 1
1733 165 0.12882 1
1734 164 0.11522 1
1735 163 0.11902 1
1736 162 0.12478 1
1737 161 0.15498 1
1738 160 0.15681 1
1739 159 0.12783 1
1740 158 0.13239 1
1741 157 0.14457 1
1742 155 0.13001 1
1743 154 0.12228 1
1744 153 0.13614 1
1745 152 0.10915 1
1746 151 0.11006 1
1747 150 0.10273 1
1748 149 0.10952 1
1749 148 0.11734 1
1750 147 0.10635 1
1751 146 0.11624 1
1752 145 0.12365 1
1753 144 0.10786 1
1754 143 0.11481 1
1755 142 0.11166 1
1756 141 0.11698 1
1757 140 0.10543 1
1758 138 0.10960 1
1759 137 0.09283 1
1760 136 0.11282 1
1761 135 0.10720 1
1762 134 0.11766 1
1763 133 0.11553 1
1764 133 0.13614 0
1765 131 0.13106 1
1766 130 0.13942 1
1767 129 0.13468 1
1768 128 0.16094 1
1769 127 0.17722 1
1770 126 0.16932 1
1771 125 0.15503 1
1772 124 0.16297 1
1773 122 0.17113 1
1774 122 0.18687 1
1775 120 0.19896 1
1776 119 0.21514 1
1777 118 0.19779 1
1778 118 0.18281 1
1779 116 0.18759 1
1780 116 0.18710 1
1781 115 0.20956 1
1782 113 0.22277 1
1783 113 0.23553 1
1784 112 0.24270 1
1785 111 0.25944 1
1786 109 0.25555 1
1787 108 0.25632 1
1788 106 0.25925 1
1789 105 0.25474 1
1790 105 0.22098 1
1791 105 0.25610 1
1792 103 0.27973 1
1793 103 0.26099 1
1794 101 0.23066 1
1795 101 0.23437 1
1796 99 0.27247 1
1797 99 0.26412 1
1798 98 0.27123 1
1799 97 0.29240 1
1800 96 0.30787 1
1801 96 0.30089 1
1802 96 0.29620 1
1803 96 0.35180 0
1804 96 0.38918 0
1805 82 0.58847 0
1806 94 0.40797 0
1807 84 0.52926 0
1808 89 0.45140 1
1809 89 0.41929 1
1810 86 0.42439 1
1811 86 0.40915 1
1812 86 0.40223 1
1813 87 0.39729 1
1814 86 0.35642 1
1815 86 0.35720 1
1816 86 0.35191 1
1817 84 0.36994 1
1818 84 0.36440 1
1819 83 0.35833 1
1820 84 0.35858 1
1821 83 0.33928 1
1822 84 0.35793 1
1823 81 0.34063 1
1824 81 0.33878 1
1825 81 0.34831 1
1826 82 0.37059 1
1827 81 0.36158 1
1828 81 0.35300 1
1829 81 0.37036 1
1830 76 0.33267 1
1831 76 0.33795 1
1832 75 0.33460 1
1833 74 0.28166 1
1834 75 0.27359 1
1835 74 0.27867 1
1836 74 0.23051 1
1837 75 0.20021 1
1838 74 0.18541 1
1839 73 0.16309 1
1840 74 0.17794 1
1841 73 0.14461 1
1842 73 0.18939 1
1843 73 0.19058 1
1844 73 0.18706 1
1845 73 0.24595 1
1846 73 0.24160 1
1847 73 0.27418 1
1848 73 0.32087 0
1849 73 0.34373 0
1850 73 0.35634 0
1851 72 0.41303 0
1852 73 0.43910 0
1853 73 0.47219 0
1854 315 0.51664 0
1855 315 0.49751 0
1856 208 0.55267 0
1857 1015 0.56701 0
1858 207 0.54434 0
1859 207 0.51777 0
1860 207 0.54300 0
1861 306 0.58636 0
1862 507 0.55712 0
1863 508 0.53142 0
1864 201 0.55817 0
1865 1008 0.55422 0
1866 509 0.53283 0
1867 502 0.53243 0
1868 991 0.51922 0
1869 437 0.44637 0
1870 309 0.49149 0
1871 309 0.50312 0
1872 441 0.48873 0
1873 435 0.44168 0
1874 1299 0.53584 0
1875 1299 0.54181 0
1876 446 0.47854 0
1877 445 0.45460 0
1878 444 0.46341 0
1879 441 0.46780 0
1880 444 0.47490 0
1881 445 0.46504 0
1882 447 0.45370 0
1883 445 0.43857 0
1884 446 0.47156 0
1885 764 0.45147 0
1886 764 0.45978 0
1887 766 0.46473 0
1888 766 0.47204 0
1889 766 0.45808 0
1890 1099 0.45443 0
1891 1099 0.46506 0
1892 1099 0.48499 0
1893 987 0.45464 0
1894 989 0.49169 0
1895 988 0.43831 0
1896 989 0.49039 0
1897 988 0.45170 0
1898 990 0.49057 0
1899 990 0.50891 0
1900 991 0.52042 0
1901 990 0.50498 0
1902 990 0.50893 0
1903 435 0.52847 0
1904 279 0.45382 0
1905 991 0.51240 0
1906 502 0.52790 0
1907 991 0.50446 0
1908 1300 0.50960 0
1909 501 0.48285 0
1910 501 0.46124 0
1911 501 0.45127 0
1912 502 0.46491 0
1913 501 0.45488 0
1914 501 0.44606 0
1915 502 0.46785 0
1916 501 0.46406 0
1917 503 0.47586 0
1918 1092 0.45756 0
1919 503 0.48001 0
1920 1096 0.47798 0
1921 345 0.44601 0
1922 308 0.46611 0
1923 308 0.45928 0
1924 1096 0.45332 0
1925 308 0.47590 0
1926 1096 0.47242 0
1927 1005 0.44856 0
1928 1005 0.43379 0
1929 1005 0.43494 0
1930 1005 0.44934 0
1931 1618 0.42349 0
1932 1005 0.45214 0
1933 1618 0.44320 0
1934 1618 0.43680 0
1935 1005 0.41786 0
1936 1005 0.39950 0
1937 1007 0.41656 0
1938 372 0.46981 0
1939 1005 0.40279 0
1940 1005 0.41496 0
1941 1005 0.39417 0
1942 372 0.47570 0
1943 996 0.40617 0
1944 996 0.41667 0
1945 996 0.41737 0
1946 1610 0.44600 0
1947 996 0.40561 0
1948 996 0.39921 0
1949 996 0.40193 0
1950 996 0.40851 0
1951 996 0.41474 0
1952 997 0.42589 0
1953 997 0.40116 0
1954 997 0.38945 0
1955 998 0.42249 0
1956 998 0.41592 0
1957 998 0.40838 0
1958 998 0.40672 0
1959 996 0.41222 0
1960 997 0.38750 0
1961 997 0.39339 0
1962 998 0.40244 0
1963 997 0.37499 0
1964 996 0.38071 0
1965 996 0.36460 0
1966 996 0.37032 0
1967 996 0.37433 0
1968 996 0.36804 0
1969 996 0.38192 0
1970 993 0.39770 0
1971 1595 0.40487 0
1972 990 0.39588 0
1973 989 0.40438 0
1974 1595 0.41965 0
1975 1589 0.41052 0
1976 987 0.38885 0
1977 987 0.37486 0
1978 988 0.37073 0
1979 988 0.36156 0
1980 988 0.34946 0
1981 1280 0.35420 0
1982 987 0.35978 0
1983 986 0.34141 0
1984 1280 0.35949 0
1985 1276 0.33262 0
1986 1276 0.33647 0
1987 1272 0.34415 0
1988 1269 0.33823 0
1989 1269 0.32299 0
1990 1269 0.31514 0
1991 976 0.31448 0
1992 1269 0.29087 0
1993 1269 0.28401 0
1994 826 0.29579 0
1995 1269 0.26522 0
1996 976 0.28372 0
1997 550 0.23581 0
1998 550 0.23995 0
1999 550 0.24990 0
2000 552 0.25159 0
2001 552 0.26152 0
2002 552 0.27459 0
2003 552 0.24022 0
2004 1218 0.24632 0
2005 1218 0.24261 0
2006 552 0.22943 0
2007 550 0.23571 0
2008 1218 0.23293 0
2009 550 0.22856 0
2010 1212 0.24868 0
2011 1212 0.25745 0
2012 1212 0.24727 0
2013 1207 0.26519 0
2014 612 0.22667 0
2015 604 0.21935 0
2016 963 0.22454 0
2017 608 0.20014 0
2018 607 0.21396 0
2019 607 0.21086 0
2020 606 0.22732 0
2021 604 0.25259 0
2022 604 0.23505 0
2023 604 0.25773 0
2024 601 0.25699 0
2025 603 0.24639 0
2026 604 0.22564 0
2027 598 0.22429 0
2028 599 0.22910 0
2029 600 0.23694 0
2030 600 0.24126 0
2031 598 0.24395 0
2032 599 0.25575 0
2033 598 0.25479 0
2034 598 0.25548 0
2035 598 0.24532 0
2036 904 0.31573 0
2037 598 0.27944 0
2038 597 0.28624 0
2039 1538 0.34650 0
2040 587 0.36780 0
2041 585 0.28854 0
2042 904 0.29501 0
2043 904 0.29866 0
2044 583 0.30402 0
2045 1128 0.32178 0
2046 1128 0.33264 0
2047 912 0.31981 0
2048 912 0.31906 0
2049 663 0.33557 0
2050 565 0.34691 0
2051 569 0.33900 0
2052 569 0.33291 0
2053 571 0.32122 0
2054 571 0.33002 0
2055 565 0.33462 0
2056 570 0.32464 0
2057 565 0.33801 0
2058 565 0.32219 0
2059 569 0.33035 0
2060 565 0.33915 0
2061 565 0.34786 0
2062 565 0.34041 0
2063 566 0.33611 0
2064 588 0.38269 0
2065 570 0.38795 0
2066 569 0.34562 0
2067 569 0.35158 0
2068 570 0.36022 0
2069 570 0.36353 0
2070 1276 0.38794 0
2071 657 0.37712 0
2072 657 0.35161 0
2073 576 0.36704 0
2074 657 0.34706 0
2075 656 0.34915 0
2076 657 0.34950 0
2077 652 0.33254 0
2078 653 0.33792 0
2079 576 0.34884 0
2080 657 0.37790 0
2081 583 0.36254 0
2082 665 0.31647 0
2083 585 0.39533 0
2084 569 0.37775 0
2085 567 0.36363 0
2086 565 0.33772 0
2087 565 0.32616 0
2088 565 0.31226 0
2089 569 0.33882 0
2090 665 0.33264 0
2091 565 0.33874 0
2092 665 0.32547 0
2093 571 0.34435 0
2094 569 0.34509 0
2095 569 0.32054 0
2096 569 0.34549 0
2097 569 0.32005 0
2098 569 0.35243 0
2099 570 0.34889 0
2100 662 0.35575 0
2101 661 0.32342 0
2102 656 0.32075 0
2103 662 0.31929 0
2104 662 0.32448 0
2105 656 0.33122 0
2106 570 0.34563 0
2107 658 0.33817 0
2108 550 0.35569 0
2109 598 0.34008 0
2110 659 0.34983 0
2111 599 0.33197 0
2112 599 0.31909 0
2113 598 0.30894 0
2114 597 0.31546 0
2115 598 0.31592 0
2116 598 0.27581 0
2117 598 0.29055 0
2118 598 0.29769 0
2119 598 0.27899 0
2120 598 0.27323 0
2121 598 0.28343 0
2122 593 0.28661 0
2123 595 0.29865 0
2124 596 0.30428 0
2125 598 0.29748 0
2126 593 0.29301 0
2127 595 0.32764 0
2128 598 0.31464 0
2129 598 0.33152 0
2130 598 0.33018 0
2131 595 0.32913 0
2132 595 0.34410 0
2133 595 0.35104 0
2134 564 0.33953 0
2135 598 0.35085 0
2136 565 0.32071 0
2137 565 0.31816 0
2138 565 0.34108 0
2139 565 0.32426 0
2140 565 0.33953 0
2141 567 0.36178 0
2142 566 0.34514 0
2143 568 0.35434 0
2144 567 0.35280 0
2145 569 0.33774 0
2146 582 0.34692 0
2147 569 0.33914 0
2148 569 0.33816 0
2149 569 0.34427 0
2150 569 0.33579 0
2151 569 0.34559 0
2152 569 0.34649 0
2153 569 0.31273 0
2154 569 0.33482 0
2155 569 0.34032 0
2156 569 0.31451 0
2157 569 0.33140 0
2158 570 0.32454 0
2159 570 0.35830 0
2160 570 0.33633 0
2161 570 0.34921 0
2162 570 0.34944 0
2163 570 0.33957 0
2164 850 0.35657 0
2165 850 0.38486 0
2166 850 0.37537 0
2167 580 0.40552 0
2168 580 0.40387 0
2169 580 0.36725 0
2170 583 0.38492 0
2171 581 0.36778 0
2172 580 0.37577 0
2173 661 0.35630 0
2174 661 0.34188 0
2175 584 0.36182 0
2176 583 0.34402 0
2177 584 0.35455 0
2178 662 0.33835 0
2179 584 0.35862 0
2180 664 0.34573 0
2181 657 0.33736 0
2182 585 0.36915 0
2183 587 0.35441 0
2184 587 0.34625 0
2185 597 0.33937 0
2186 588 0.35093 0
2187 664 0.28468 0
2188 666 0.28272 0
2189 667 0.26824 0
2190 666 0.26485 0
2191 597 0.30963 0
2192 668 0.26795 0
2193 597 0.30013 0
2194 597 0.31786 0
2195 597 0.30546 0
2196 597 0.28459 0
2197 597 0.30448 0
2198 599 0.30145 0
2199 599 0.29771 0
2200 665 0.35762 0
2201 599 0.34399 0
2202 600 0.30694 0
2203 602 0.28694 0
2204 602 0.32607 0
2205 660 0.32851 0
2206 602 0.32641 0
2207 603 0.32908 0
2208 603 0.35316 0
2209 1223 0.29199 0
2210 1223 0.30436 0
2211 660 0.30074 0
2212 660 0.27478 0
2213 662 0.31727 0
2214 664 0.31894 0
2215 664 0.32780 0
2216 664 0.36072 0
2217 864 0.33671 0
2218 865 0.33034 0
2219 867 0.33321 0
2220 866 0.35080 0
2221 865 0.38563 0
2222 867 0.38836 0
2223 869 0.37679 0
2224 865 0.40877 0
2225 865 0.38745 0
2226 865 0.38977 0
2227 867 0.39025 0
2228 634 0.41075 0
2229 596 0.41323 0
2230 867 0.43422 0
2231 865 0.47184 0
2232 1268 0.44823 0
2233 1268 0.44730 0
2234 597 0.43167 0
2235 826 0.42599 0
2236 826 0.43952 0
2237 1269 0.49789 0
2238 1278 0.50675 0
2239 826 0.46680 0
2240 826 0.48011 0
2241 1276 0.46869 0
2242 1275 0.44370 0
2243 1274 0.46575 0
2244 1276 0.45274 0
2245 1276 0.44992 0
2246 1276 0.44706 0
2247 1276 0.44776 0
2248 1276 0.46540 0
2249 667 0.48609 0
2250 1269 0.45984 0
2251 1276 0.45376 0
2252 1268 0.41412 0
2253 1268 0.41610 0
2254 830 0.41619 0
2255 1268 0.39606 0
2256 597 0.36140 0
2257 1267 0.36793 0
2258 1270 0.37965 0
2259 1266 0.39293 0
2260 667 0.40118 0
2261 667 0.40137 0
2262 667 0.39649 0
2263 667 0.39829 0
2264 952 0.39287 0
2265 952 0.39404 0
2266 853 0.38367 0
2267 666 0.36697 0
2268 666 0.37530 0
2269 666 0.36579 0
2270 665 0.37996 0
2271 665 0.38149 0
2272 665 0.37075 0
2273 678 0.41427 0
2274 673 0.41514 0
2275 678 0.41168 0
2276 678 0.41567 0
2277 676 0.39817 0
2278 1126 0.40871 0
2279 681 0.42527 0
2280 1368 0.40918 0
2281 968 0.43071 0
2282 843 0.40159 0
2283 843 0.39048 0
2284 1127 0.42370 0
2285 1127 0.42137 0
2286 1127 0.44140 0
2287 1127 0.46037 0
2288 1126 0.46739 0
2289 1128 0.46878 0
2290 1134 0.44785 0
2291 1134 0.46250 0
2292 1135 0.45094 0
2293 851 0.43606 0
2294 850 0.41458 0
2295 663 0.39976 0
2296 1260 0.39475 0
2297 837 0.38543 0
2298 837 0.37109 0
2299 670 0.34480 0
2300 670 0.33676 0
2301 836 0.31778 0
2302 836 0.32626 0
2303 865 0.35045 0
2304 597 0.32287 0
2305 865 0.32223 0
2306 865 0.29792 0
2307 669 0.29212 0
2308 1269 0.30994 0
2309 866 0.32270 0
2310 828 0.30808 0
2311 829 0.32864 0
2312 828 0.32517 0
2313 1268 0.33352 0
2314 830 0.31410 0
2315 828 0.34204 0
2316 830 0.30615 0
2317 830 0.32556 0
2318 830 0.30605 0
2319 830 0.29294 0
2320 670 0.29734 0
2321 669 0.30711 0
2322 1204 0.31879 0
2323 669 0.31960 0
2324 674 0.29745 0
2325 674 0.31537 0
2326 670 0.31525 0
2327 839 0.32446 0
2328 670 0.33674 0
2329 670 0.28375 0
2330 668 0.34646 0
2331 670 0.30015 0
2332 668 0.36812 0
2333 836 0.34349 0
2334 599 0.35924 0
2335 836 0.34741 0
2336 666 0.35768 0
2337 666 0.36527 0
2338 602 0.35814 0
2339 602 0.35965 0
2340 598 0.34422 0
2341 2025 0.33383 0
2342 598 0.33944 0
2343 598 0.32010 0
2344 595 0.34137 0
2345 598 0.32355 0
2346 600 0.29926 0
2347 599 0.31573 0
2348 597 0.32346 0
2349 598 0.30236 0
2350 598 0.30482 0
2351 2032 0.30856 0
2352 598 0.31725 0
2353 598 0.31009 0
2354 597 0.33168 0
2355 597 0.32820 0
2356 597 0.34250 0
2357 597 0.33338 0
2358 597 0.35183 0
2359 1276 0.40380 0
2360 1275 0.41245 0
2361 1269 0.38309 0
2362 1276 0.41339 0
2363 1276 0.40762 0
2364 1276 0.41272 0
2365 2061 0.34302 0
2366 1275 0.38851 0
2367 1280 0.43015 0
2368 1280 0.44629 0
2369 786 0.47177 0
2370 1429 0.48161 0
2371 1279 0.50393 0
2372 1429 0.48633 0
2373 1430 0.49922 0
2374 1105 0.49342 0
2375 1105 0.48816 0
2376 1105 0.48523 0
2377 1105 0.46762 0
2378 1282 0.46349 0
2379 1282 0.45655 0
2380 1105 0.48803 0
2381 1104 0.47007 0
2382 1105 0.47083 0
2383 1104 0.46876 0
2384 1127 0.45322 0
2385 688 0.47129 0
2386 689 0.48275 0
2387 687 0.46552 0
2388 688 0.50045 0
2389 682 0.45553 0
2390 682 0.43891 0
2391 664 0.42649 0
2392 2030 0.40660 0
2393 2030 0.37063 0
2394 2030 0.37756 0
2395 2030 0.40875 0
2396 2030 0.41809 0
2397 1129 0.47478 0
2398 2030 0.44565 0
2399 1276 0.41461 0
2400 1276 0.44046 0
2401 1276 0.43260 0
2402 823 0.43262 0
2403 1277 0.43357 0
2404 2030 0.37071 0
2405 2034 0.34988 0
2406 2033 0.36115 0
2407 594 0.39098 0
2408 1269 0.37800 0
2409 597 0.39272 0
2410 592 0.40666 0
2411 868 0.43333 0
2412 637 0.41177 0
2413 943 0.41830 0
2414 635 0.42336 0
2415 565 0.41457 0
2416 634 0.42944 0
2417 633 0.38883 0
2418 1227 0.32430 0
2419 1224 0.37103 0
2420 874 0.39401 0
2421 631 0.37756 0
2422 631 0.38581 0
2423 632 0.39919 0
2424 1224 0.37804 0
2425 887 0.39858 0
2426 888 0.37769 0
2427 662 0.39837 0
2428 666 0.38990 0
2429 562 0.35990 0
2430 666 0.35713 0
2431 2093 0.35058 0
2432 2095 0.35307 0
2433 2085 0.35286 0
2434 2091 0.38881 0
2435 2049 0.34224 0
2436 2049 0.33951 0
2437 595 0.33465 0
2438 595 0.33531 0
2439 598 0.33614 0
2440 592 0.33303 0
2441 594 0.34579 0
2442 594 0.35525 0
2443 2118 0.40109 0
2444 2033 0.39361 0
2445 2035 0.39916 0
2446 2114 0.37589 0
2447 1272 0.35095 0
2448 1275 0.38734 0
2449 1276 0.36774 0
2450 1275 0.32611 0
2451 1276 0.31778 0
2452 1276 0.30496 0
2453 1276 0.29216 0
2454 1276 0.30774 0
2455 1280 0.32379 0
2456 1280 0.31595 0
2457 1280 0.32857 0
2458 1277 0.36405 0
2459 1282 0.33681 0
2460 1283 0.36782 0
2461 1282 0.37303 0
2462 1283 0.38587 0
2463 1284 0.40639 0
2464 1284 0.40187 0
2465 1284 0.41230 0
2466 1526 0.40436 0
2467 1526 0.40856 0
2468 1526 0.41003 0
2469 1526 0.40112 0
2470 1526 0.41545 0
2471 1526 0.41899 0
2472 1526 0.41163 0
2473 1337 0.42688 0
2474 1337 0.42439 0
2475 1339 0.42407 0
2476 1336 0.43031 0
2477 1333 0.41092 0
2478 1334 0.40639 0
2479 497 0.44211 0
2480 1332 0.37340 0
2481 1332 0.38306 0
2482 1331 0.37934 0
2483 1332 0.36507 0
2484 1331 0.39823 0
2485 1330 0.40626 0
2486 1331 0.39852 0
2487 1331 0.40682 0
2488 1333 0.40587 0
2489 1331 0.40169 0
2490 1331 0.42775 0
2491 1332 0.45508 0
2492 1329 0.44576 0
2493 1329 0.43227 0
2494 1329 0.42999 0
2495 1329 0.43823 0
2496 1329 0.42516 0
2497 1305 0.39464 0
2498 1515 0.38412 0
2499 1515 0.38144 0
2500 1515 0.38317 0
2501 1498 0.34147 0
2502 1326 0.38576 0
2503 1331 0.38615 0
2504 1326 0.37730 0
2505 1330 0.36982 0
2506 1326 0.33895 0
2507 1330 0.35649 0
2508 1329 0.34608 0
2509 1330 0.35688 0
2510 1331 0.35802 0
2511 1330 0.35292 0
2512 1329 0.33435 0
2513 1331 0.35604 0
2514 1331 0.36993 0
2515 1515 0.35500 0
2516 1328 0.37153 0
2517 1516 0.34285 0
2518 1331 0.37061 0
2519 1516 0.34584 0
2520 1517 0.36001 0
2521 1516 0.34616 0
2522 1515 0.34397 0
2523 1515 0.33538 0
2524 712 0.35864 0
2525 1516 0.38550 0
2526 1328 0.40054 0
2527 297 0.46761 0
2528 298 0.44604 0
2529 1092 0.46226 0
2530 1517 0.43211 0
2531 1517 0.41665 0
2532 1333 0.40591 0
2533 1333 0.40881 0
2534 1332 0.39320 0
2535 1333 0.41869 0
2536 1331 0.42012 0
2537 1523 0.41431 0
2538 1523 0.41245 0
2539 1333 0.41279 0
2540 1338 0.40422 0
2541 1333 0.40307 0
2542 1524 0.41946 0
2543 1523 0.44327 0
2544 1339 0.40237 0
2545 1287 0.36539 0
2546 1287 0.35990 0
2547 1284 0.37173 0
2548 1284 0.36332 0
2549 1280 0.35868 0
2550 1280 0.33990 0
2551 1280 0.34097 0
2552 1280 0.31570 0
2553 1280 0.31475 0
2554 1280 0.33688 0
2555 827 0.33698 0
2556 827 0.32532 0
2557 1273 0.31903 0
2558 1273 0.30787 0
2559 831 0.29624 0
2560 832 0.30576 0
2561 833 0.30514 0
2562 1272 0.34540 0
2563 833 0.34525 0
2564 832 0.35220 0
2565 1151 0.37243 0
2566 672 0.35720 0
2567 528 0.37000 0
2568 669 0.36200 0
2569 668 0.35112 0
2570 666 0.34295 0
2571 670 0.35363 0
2572 670 0.34666 0
2573 670 0.30935 0
2574 670 0.29588 0
2575 669 0.28116 0
2576 669 0.27922 0
2577 1204 0.32029 0
2578 853 0.29396 0
2579 670 0.24915 0
2580 669 0.25523 0
2581 837 0.26145 0
2582 855 0.27499 0
2583 839 0.25436 0
2584 855 0.28000 0
2585 863 0.30636 0
2586 839 0.26661 0
2587 839 0.29738 0
2588 838 0.29267 0
2589 858 0.29665 0
2590 620 0.30535 0
2591 620 0.31029 0
2592 862 0.35562 0
2593 620 0.34037 0
2594 912 0.36632 0
2595 912 0.37814 0
2596 915 0.35811 0
2597 916 0.39456 0
2598 624 0.39727 0
2599 912 0.41677 0
2600 1380 0.39154 0
2601 864 0.39971 0
2602 653 0.41514 0
2603 929 0.37278 0
2604 1188 0.43569 0
2605 1188 0.41493 0
2606 680 0.43148 0
2607 911 0.48432 0
2608 2267 0.50692 0
2609 1535 0.43719 0
2610 2189 0.43034 0
2611 2183 0.51585 0
2612 2183 0.42721 0
2613 2186 0.41383 0
2614 2183 0.40025 0
2615 2183 0.40375 0
2616 1535 0.49467 0
2617 693 0.54801 0
2618 695 0.56130 0
2619 693 0.55415 0
2620 1358 0.46462 0
2621 693 0.55649 0
2622 1547 0.48465 0
2623 1547 0.47128 0
2624 1545 0.48885 0
2625 693 0.53466 0
2626 1545 0.46427 0
2627 691 0.54591 0
2628 1458 0.48588 0
2629 1456 0.51880 0
2630 1457 0.48576 0
2631 1459 0.47385 0
2632 1459 0.46044 0
2633 1364 0.45290 0
2634 1366 0.43515 0
2635 1364 0.45674 0
2636 1134 0.44455 0
2637 1366 0.40540 0
2638 1135 0.38775 0
2639 2277 0.44940 0
2640 1134 0.37181 0
2641 748 0.47304 0
2642 815 0.39654 0
2643 2277 0.42278 0
2644 1479 0.45699 0
2645 1465 0.38225 0
2646 1129 0.43146 0
2647 735 0.44494 0
2648 735 0.44889 0
2649 687 0.42379 0
2650 735 0.44212 0
2651 687 0.44975 0
2652 685 0.47495 0
2653 738 0.48056 0
2654 738 0.47503 0
2655 514 0.46474 0
2656 514 0.45107 0
2657 738 0.44809 0
2658 1467 0.37465 0
2659 1466 0.37240 0
2660 1479 0.44854 0
2661 1479 0.44811 0
2662 1466 0.37801 0
2663 749 0.41405 0
2664 749 0.41566 0
2665 749 0.39168 0
2666 1461 0.35519 0
2667 1461 0.35794 0
2668 1363 0.36367 0
2669 1456 0.36678 0
2670 1363 0.36497 0
2671 1360 0.36159 0
2672 1360 0.33536 0
2673 1360 0.33727 0
2674 1360 0.37019 0
2675 1451 0.33034 0
2676 1453 0.33849 0
2677 1453 0.34393 0
2678 1453 0.34563 0
2679 1357 0.36170 0
2680 1449 0.35433 0
2681 1360 0.34508 0
2682 1120 0.34300 0
2683 1360 0.38894 0
2684 985 0.39854 0
2685 1445 0.35011 0
2686 2158 0.46195 0
2687 2285 0.52901 0
2688 2381 0.55514 0
2689 2381 0.53711 0
2690 2381 0.52771 0
2691 2369 0.50800 0
2692 1357 0.41175 0
2693 1358 0.41234 0
2694 1105 0.45609 0
2695 1481 0.40383 0
2696 1481 0.40034 0
2697 1481 0.41828 0
2698 1878 0.36099 0
2699 1363 0.37249 0
2700 1449 0.42127 0
2701 515 0.48649 0
2702 1449 0.37339 0
2703 1449 0.38094 0
2704 1449 0.38505 0
2705 1515 0.47837 0
2706 1344 0.47564 0
2707 728 0.42515 0
2708 1339 0.44081 0
2709 447 0.48182 0
2710 1300 0.48672 0
2711 1339 0.45962 0
2712 1293 0.47339 0
2713 1294 0.47378 0
2714 1452 0.41864 0
2715 1903 0.37712 0
2716 1903 0.38076 0
2717 1903 0.38781 0
2718 1903 0.40515 0
2719 1449 0.39310 0
2720 1105 0.43137 0
2721 1102 0.42532 0
2722 1105 0.41564 0
2723 1105 0.38987 0
2724 1105 0.39573 0
2725 1107 0.40075 0
2726 1100 0.46802 0
2727 514 0.48335 0
2728 1287 0.47571 0
2729 514 0.47789 0
2730 513 0.49523 0
2731 497 0.47486 0
2732 515 0.49324 0
2733 516 0.49000 0
2734 512 0.48908 0
2735 502 0.49004 0
2736 501 0.47170 0
2737 501 0.48290 0
2738 501 0.47371 0
2739 503 0.49070 0
2740 1100 0.46204 0
2741 1096 0.48489 0
2742 1096 0.48872 0
2743 1915 0.47992 0
2744 505 0.47439 0
2745 1097 0.47895 0
2746 1090 0.42418 0
2747 1915 0.42818 0
2748 507 0.48119 0
2749 1918 0.44446 0
2750 1925 0.44659 0
2751 1888 0.50091 0
2752 1893 0.46189 0
2753 1893 0.46276 0
2754 1873 0.47148 0
2755 1922 0.47381 0
2756 1884 0.48650 0
2757 1872 0.48584 0
2758 1872 0.49283 0
2759 511 0.51002 0
2760 1889 0.48401 0
2761 279 0.43910 0
2762 1107 0.46359 0
2763 1889 0.42635 0
2764 1889 0.41860 0
2765 1105 0.42676 0
2766 1889 0.40801 0
2767 1107 0.42536 0
2768 1107 0.42521 0
2769 1127 0.38377 0
2770 274 0.41381 0
2771 518 0.41385 0
2772 1473 0.41075 0
2773 274 0.39538 0
2774 1120 0.40303 0
2775 513 0.46787 0
2776 1120 0.40493 0
2777 274 0.37841 0
2778 276 0.38633 0
2779 280 0.38342 0
2780 1887 0.41410 0
2781 281 0.36938 0
2782 281 0.36584 0
2783 280 0.37581 0
2784 280 0.40670 0
2785 271 0.40167 0
2786 274 0.39345 0
2787 1724 0.37612 0
2788 277 0.38644 0
2789 274 0.40673 0
2790 274 0.39611 0
2791 1726 0.40522 0
2792 278 0.40626 0
2793 277 0.42697 0
2794 277 0.43106 0
2795 277 0.41401 0
2796 1447 0.39272 0
2797 1721 0.41303 0
2798 1721 0.42424 0
2799 1722 0.40044 0
2800 1104 0.40112 0
2801 1128 0.40866 0
2802 1127 0.39967 0
2803 1127 0.40741 0
2804 1127 0.44889 0
2805 1468 0.38944 0
2806 1358 0.39503 0
2807 278 0.40374 0
2808 1127 0.44715 0
2809 177 0.41473 0
2810 1358 0.40789 0
2811 1127 0.47680 0
2812 1481 0.46529 0
2813 1481 0.50958 0
2814 446 0.52223 0
2815 1482 0.52158 0
2816 178 0.48802 0
2817 178 0.51391 0
2818 1881 0.54401 0
2819 1438 0.51945 0
2820 1477 0.47936 0
2821 735 0.47422 0
2822 437 0.45610 0
2823 1438 0.46143 0
2824 1724 0.40687 0
2825 1724 0.41915 0
2826 1889 0.44566 0
2827 177 0.45180 0
2828 173 0.43203 0
2829 1724 0.40061 0
2830 1721 0.39159 0
2831 1721 0.39230 0
2832 1721 0.41544 0
2833 1880 0.46156 0
2834 1724 0.45407 0
2835 1888 0.45294 0
2836 1880 0.45061 0
2837 1880 0.45745 0
2838 1880 0.43914 0
2839 1879 0.46212 0
2840 987 0.45919 0
2841 1879 0.45982 0
2842 987 0.47453 0
2843 1970 0.48818 0
2844 1979 0.48542 0
2845 1577 0.48009 0
2846 1979 0.50600 0
2847 1586 0.47857 0
2848 1586 0.45593 0
2849 1575 0.44915 0
2850 1582 0.46657 0
2851 1582 0.45781 0
2852 1584 0.48623 0
2853 158 0.55497 0
2854 1581 0.48659 0
2855 1595 0.49450 0
2856 1582 0.51270 0
2857 1595 0.49394 0
2858 1595 0.50391 0
2859 1595 0.50663 0
2860 1717 0.47375 0
2861 1717 0.44810 0
2862 1717 0.44040 0
2863 1717 0.44948 0
2864 153 0.47995 0
2865 153 0.47937 0
2866 153 0.46619 0
2867 1686 0.45756 0
2868 150 0.44790 0
2869 150 0.43283 0
2870 1679 0.42738 0
2871 150 0.41331 0
2872 1750 0.40254 0
2873 150 0.41852 0
2874 151 0.41199 0
2875 152 0.41525 0
2876 1746 0.42365 0
2877 152 0.43832 0
2878 1745 0.46745 0
2879 1746 0.44553 0
2880 1750 0.45046 0
2881 152 0.48029 0
2882 1745 0.46415 0
2883 147 0.46142 0
2884 147 0.47287 0
2885 1750 0.45857 0
2886 150 0.46846 0
2887 1750 0.45283 0
2888 1746 0.45107 0
2889 1750 0.45077 0
2890 149 0.44238 0
2891 150 0.45349 0
2892 150 0.46780 0
2893 1747 0.45309 0
2894 1745 0.46327 0
2895 1750 0.46740 0
2896 158 0.48151 0
2897 154 0.46237 0
2898 154 0.47054 0
2899 154 0.46785 0
2900 158 0.49032 0
2901 158 0.46113 0
2902 165 0.47890 0
2903 158 0.49557 0
2904 1605 0.52574 0
2905 1621 0.52704 0
2906 1607 0.56052 0
2907 1622 0.54520 0
2908 158 0.49872 0
2909 1595 0.54864 0
2910 1581 0.57002 0
2911 1587 0.52602 0
2912 1587 0.57428 0
2913 1587 0.58154 0
2914 1586 0.59971 0
2915 1977 0.57457 0
2916 1974 0.57653 0
2917 1974 0.55171 0
2918 1586 0.55438 0
2919 1584 0.54005 0
2920 1583 0.52261 0
2921 1584 0.51685 0
2922 156 0.54075 0
2923 156 0.50135 0
2924 155 0.50561 0
2925 155 0.52317 0
2926 996 0.53948 0
2927 155 0.54932 0
2928 154 0.51763 0
2929 155 0.52322 0
2930 153 0.50760 0
2931 155 0.51183 0
2932 142 0.52804 0
2933 263 0.50303 0
2934 144 0.50743 0
2935 144 0.50791 0
2936 144 0.50210 0
2937 144 0.50778 0
2938 162 0.53742 0
2939 144 0.51974 0
2940 145 0.51041 0
2941 164 0.55884 0
2942 1633 0.52034 0
2943 432 0.51023 0
2944 142 0.57566 0
2945 432 0.52270 0
2946 1750 0.57150 0
2947 147 0.54812 0
2948 1750 0.53937 0
2949 1752 0.53152 0
2950 147 0.53622 0
2951 1752 0.53620 0
2952 1750 0.51512 0
2953 1752 0.50938 0
2954 1747 0.52129 0
2955 53 0.57181 0
2956 436 0.54389 0
2957 147 0.53042 0
2958 1748 0.54305 0
2959 434 0.55241 0
2960 153 0.53656 0
2961 431 0.51156 0
2962 427 0.49746 0
2963 153 0.52328 0
2964 8 0.59612 0
2965 153 0.51014 0
2966 436 0.61009 0
2967 53 0.52912 0
2968 207 0.51114 0
2969 150 0.53897 0
2970 431 0.53384 0
2971 152 0.51640 0
2972 152 0.52481 0
2973 152 0.52370 0
2974 152 0.53138 0
2975 152 0.52465 0
2976 155 0.52678 0
2977 155 0.49641 0
2978 152 0.49236 0
2979 155 0.48934 0
2980 152 0.47584 0
2981 149 0.48351 0
2982 152 0.46966 0
2983 305 0.47471 0
2984 153 0.47090 0
2985 345 0.45493 0
2986 153 0.47347 0
2987 345 0.44698 0
2988 367 0.55242 0
2989 305 0.45968 0
2990 351 0.45770 0
2991 181 0.47023 0
2992 305 0.49789 0
2993 181 0.46079 0
2994 441 0.50648 0
2995 186 0.50016 0
2996 186 0.49968 0
2997 186 0.50938 0
2998 186 0.50524 0
2999 1713 0.50759 0
3000 186 0.49924 0
3001 186 0.48421 0
3002 185 0.47305 0
3003 186 0.46524 0
3004 1088 0.50165 0
3005 1089 0.47195 0
3006 1713 0.46842 0
3007 185 0.45732 0
3008 185 0.46097 0
3009 183 0.46345 0
3010 1711 0.46463 0
3011 1092 0.49207 0
3012 355 0.45858 0
3013 1089 0.47100 0
3014 296 0.44823 0
3015 296 0.45831 0
3016 296 0.46497 0
3017 296 0.47315 0
3018 298 0.46065 0
3019 298 0.44779 0
3020 297 0.47204 0
3021 299 0.49311 0
3022 302 0.53080 0
3023 299 0.48318 0
3024 303 0.50372 0
3025 303 0.50036 0
3026 180 0.50977 0
3027 178 0.52078 0
3028 178 0.50471 0
3029 480 0.53541 0
3030 478 0.51686 0
3031 480 0.53144 0
3032 480 0.52301 0
3033 480 0.51274 0
3034 483 0.51851 0
3035 479 0.53153 0
3036 498 0.51501 0
3037 498 0.56363 0
3038 494 0.51039 0
3039 492 0.52374 0
3040 500 0.56062 0
3041 498 0.54084 0
3042 1085 0.51069 0
3043 1030 0.53876 0
3044 1030 0.53576 0
3045 496 0.53893 0
3046 1085 0.49676 0
3047 1030 0.52569 0
3048 1020 0.53139 0
3049 1018 0.50645 0
3050 1017 0.53235 0
3051 1017 0.54051 0
3052 1017 0.53235 0
3053 1020 0.54669 0
3054 1020 0.54392 0
3055 1016 0.50779 0
3056 1017 0.49762 0
3057 1858 0.50893 0
3058 435 0.51863 0
3059 432 0.49484 0
3060 432 0.49852 0
3061 431 0.50646 0
3062 209 0.50046 0
3063 438 0.50453 0
3064 208 0.51582 0
3065 429 0.50691 0
3066 1741 0.50154 0
3067 296 0.44453 0
3068 303 0.46246 0
3069 296 0.43827 0
3070 183 0.41965 0
3071 296 0.46155 0
3072 2511 0.47495 0
3073 1090 0.47477 0
3074 2519 0.49475 0
3075 2518 0.48100 0
3076 448 0.48160 0
3077 2507 0.45962 0
3078 2703 0.43652 0
3079 2532 0.47793 0
3080 2677 0.40458 0
3081 701 0.49179 0
3082 1721 0.45264 0
3083 1721 0.44677 0
3084 2641 0.40420 0
3085 2641 0.43787 0
3086 1721 0.44268 0
3087 1724 0.43097 0
3088 2695 0.37088 0
3089 2647 0.42559 0
3090 2781 0.42770 0
3091 2769 0.43283 0
3092 2044 0.41818 0
3093 2668 0.41580 0
3094 2044 0.40414 0
3095 2693 0.36006 0
3096 2048 0.39441 0
3097 2046 0.41983 0
3098 2048 0.40468 0
3099 2048 0.42090 0
3100 1560 0.40380 0
3101 576 0.40656 0
3102 577 0.40275 0
3103 572 0.38625 0
3104 572 0.35575 0
3105 571 0.37985 0
3106 2045 0.37228 0
3107 2099 0.32233 0
3108 2099 0.32412 0
3109 2099 0.32093 0
3110 2046 0.37500 0
3111 2100 0.34745 0
3112 2101 0.34388 0
3113 2046 0.35083 0
3114 2048 0.33973 0
3115 2049 0.32215 0
3116 2050 0.35044 0
3117 2051 0.34614 0
3118 2049 0.36618 0
3119 2050 0.36055 0
3120 2048 0.39206 0
3121 2105 0.37342 0
3122 2103 0.34963 0
3123 2035 0.35775 0
3124 2105 0.36088 0
3125 2036 0.36845 0
3126 2109 0.36804 0
3127 2103 0.36940 0
3128 2109 0.37552 0
3129 2048 0.36568 0
3130 2048 0.37058 0
3131 2048 0.36720 0
3132 2046 0.38039 0
3133 2048 0.36495 0
3134 2049 0.33429 0
3135 2048 0.33375 0
3136 2049 0.32685 0
3137 2205 0.34930 0
3138 2199 0.30449 0
3139 2201 0.29672 0
3140 2184 0.34451 0
3141 2205 0.30541 0
3142 2205 0.31178 0
3143 2206 0.30955 0
3144 2106 0.29993 0
3145 2205 0.29458 0
3146 892 0.28902 0
3147 2205 0.30726 0
3148 584 0.28887 0
3149 584 0.29208 0
3150 551 0.26669 0
3151 2207 0.27146 0
3152 892 0.28161 0
3153 665 0.30096 0
3154 584 0.29340 0
3155 584 0.30452 0
3156 584 0.31671 0
3157 584 0.32613 0
3158 583 0.32195 0
3159 915 0.32247 0
3160 912 0.31202 0
3161 915 0.31088 0
3162 912 0.31695 0
3163 914 0.30152 0
3164 912 0.32684 0
3165 2039 0.34706 0
3166 2038 0.30938 0
3167 2041 0.33949 0
3168 2043 0.33780 0
3169 910 0.30801 0
3170 2039 0.33048 0
3171 2044 0.32406 0
3172 2043 0.34895 0
3173 2685 0.39407 0
3174 2105 0.38303 0
3175 1126 0.40616 0
3176 2105 0.36848 0
3177 2105 0.37923 0
3178 2105 0.35993 0
3179 2103 0.37049 0
3180 2104 0.35681 0
3181 2104 0.34828 0
3182 2049 0.38191 0
3183 2048 0.39796 0
3184 2105 0.36610 0
3185 2101 0.37366 0
3186 686 0.41027 0
3187 685 0.40445 0
3188 2660 0.41965 0
3189 2702 0.39136 0
3190 2045 0.40204 0
3191 2702 0.40000 0
3192 1283 0.45160 0
3193 2071 0.35712 0
3194 2796 0.39465 0
3195 2805 0.37970 0
3196 1467 0.39948 0
3197 2804 0.39108 0
3198 2797 0.43922 0
3199 2045 0.35755 0
3200 2796 0.40098 0
3201 2048 0.36477 0
3202 2046 0.38773 0
3203 2046 0.38836 0
3204 2680 0.37313 0
3205 2678 0.37719 0
3206 2677 0.38152 0
3207 2682 0.36227 0
3208 2681 0.35531 0
3209 2103 0.33239 0
3210 2103 0.31797 0
3211 2679 0.30949 0
3212 2679 0.29586 0
3213 2099 0.34525 0
3214 2095 0.32386 0
3215 2097 0.33774 0
3216 2096 0.33601 0
3217 2096 0.30643 0
3218 2097 0.31967 0
3219 2099 0.30470 0
3220 2097 0.31630 0
3221 2103 0.33005 0
3222 2105 0.32462 0
3223 2103 0.33518 0
3224 2103 0.33622 0
3225 2105 0.31627 0
3226 2103 0.31668 0
3227 964 0.32337 0
3228 1369 0.32281 0
3229 963 0.31156 0
3230 964 0.31458 0
3231 960 0.28486 0
3232 960 0.28626 0
3233 960 0.26916 0
3234 1209 0.28820 0
3235 602 0.27699 0
3236 1206 0.26980 0
3237 2022 0.28985 0
3238 2016 0.28474 0
3239 550 0.27091 0
3240 892 0.28120 0
3241 2028 0.26860 0
3242 2028 0.27089 0
3243 2206 0.34980 0
3244 2021 0.26939 0
3245 2022 0.27340 0
3246 2028 0.28359 0
3247 2027 0.29724 0
3248 2042 0.30196 0
3249 2039 0.28660 0
3250 2042 0.28182 0
3251 2043 0.28904 0
3252 2040 0.28473 0
3253 2081 0.34285 0
3254 2081 0.34646 0
3255 2048 0.30286 0
3256 2050 0.28830 0
3257 2050 0.31848 0
3258 2104 0.34268 0
3259 2051 0.35767 0
3260 2066 0.33641 0
3261 2079 0.38933 0
3262 2076 0.35466 0
3263 2076 0.36397 0
3264 2076 0.34857 0
3265 2045 0.34125 0
3266 2050 0.31473 0
3267 2050 0.32157 0
3268 2079 0.31519 0
3269 2081 0.31580 0
3270 2080 0.32070 0
3271 2051 0.34101 0
3272 2081 0.36552 0
3273 2050 0.39232 0
3274 2077 0.34913 0
3275 2048 0.38286 0
3276 2046 0.38166 0
3277 2183 0.38650 0
3278 2182 0.38371 0
3279 2182 0.40012 0
3280 2181 0.37134 0
3281 2076 0.35115 0
3282 2662 0.40471 0
3283 2660 0.38918 0
3284 2660 0.39921 0
3285 2660 0.39271 0
3286 2660 0.39919 0
3287 2381 0.45086 0
3288 2663 0.41184 0
3289 2663 0.40599 0
3290 2663 0.42982 0
3291 691 0.43196 0
3292 2679 0.40695 0
3293 2677 0.40445 0
3294 2679 0.40004 0
3295 2679 0.39563 0
3296 2679 0.37744 0
3297 2679 0.35547 0
3298 1548 0.45995 0
3299 2044 0.37129 0
3300 2679 0.34037 0
3301 2045 0.36652 0
3302 2679 0.34822 0
3303 2680 0.37416 0
3304 2679 0.37921 0
3305 2101 0.36197 0
3306 2079 0.35242 0
3307 2081 0.37396 0
3308 1545 0.40386 0
3309 2098 0.37257 0
3310 2099 0.37123 0
3311 2098 0.36578 0
3312 2045 0.42610 0
3313 2041 0.40316 0
3314 2072 0.35548 0
3315 1127 0.41653 0
3316 1355 0.40351 0
3317 2080 0.36852 0
3318 2045 0.38777 0
3319 2046 0.37874 0
3320 1358 0.37381 0
3321 2105 0.32583 0
3322 2105 0.32135 0
3323 1467 0.39624 0
3324 1467 0.38551 0
3325 2181 0.39336 0
3326 1536 0.38465 0
3327 2108 0.31730 0
3328 1265 0.35292 0
3329 2023 0.37475 0
3330 1537 0.39555 0
3331 602 0.31719 0
3332 603 0.32432 0
3333 612 0.30284 0
3334 1188 0.34184 0
3335 2207 0.31079 0
3336 602 0.32660 0
3337 2205 0.33434 0
3338 2207 0.30062 0
3339 2206 0.30394 0
3340 550 0.32136 0
3341 550 0.32635 0
3342 2111 0.35677 0
3343 2111 0.37728 0
3344 2187 0.35284 0
3345 665 0.33077 0
3346 2030 0.32929 0
3347 2029 0.32938 0
3348 2027 0.31832 0
3349 2029 0.32814 0
3350 2184 0.35104 0
3351 2026 0.34712 0
3352 678 0.37867 0
3353 681 0.40211 0
3354 2204 0.33444 0
3355 2029 0.34186 0
3356 680 0.41758 0
3357 1533 0.40667 0
3358 1533 0.43667 0
3359 688 0.40541 0
3360 1535 0.41174 0
3361 1353 0.38243 0
3362 1355 0.34332 0
3363 1355 0.35999 0
3364 1354 0.36669 0
3365 910 0.37263 0
3366 910 0.38082 0
3367 1545 0.38892 0
3368 2044 0.40274 0
3369 1126 0.44496 0
3370 1126 0.42964 0
3371 1126 0.41935 0
3372 1127 0.42257 0
3373 1128 0.40169 0
3374 1128 0.43405 0
3375 2806 0.44525 0
3376 2806 0.44020 0
3377 2700 0.43285 0
3378 2806 0.43668 0
3379 2808 0.42420 0
3380 2808 0.42268 0
3381 2808 0.44261 0
3382 2808 0.42899 0
3383 3081 0.48476 0
3384 178 0.42105 0
3385 2694 0.41832 0
3386 178 0.45749 0
3387 178 0.46306 0
3388 2812 0.45515 0
3389 2812 0.46879 0
3390 2544 0.52265 0
3391 2812 0.47963 0
3392 2692 0.45496 0
3393 2704 0.43057 0
3394 1526 0.49042 0
3395 737 0.48198 0
3396 2045 0.48023 0
3397 1393 0.49978 0
3398 1532 0.52057 0
3399 2043 0.47045 0
3400 2045 0.50525 0
3401 1528 0.48194 0
3402 1526 0.48597 0
3403 1526 0.47358 0
3404 1525 0.48592 0
3405 1525 0.48489 0
3406 1340 0.47516 0
3407 1340 0.47796 0
3408 1340 0.46342 0
3409 1435 0.50742 0
3410 1526 0.49688 0
3411 1522 0.48063 0
3412 1523 0.49033 0
3413 1522 0.47149 0
3414 1525 0.47906 0
3415 1560 0.40803 0
3416 1491 0.43006 0
3417 1332 0.47138 0
3418 1338 0.46390 0
3419 1339 0.47135 0
3420 1491 0.44779 0
3421 1332 0.47203 0
3422 1332 0.46462 0
3423 2535 0.47616 0
3424 2535 0.48550 0
3425 1332 0.49488 0
3426 1495 0.47642 0
3427 1517 0.53233 0
3428 1496 0.45906 0
3429 1517 0.51472 0
3430 1491 0.50532 0
3431 1517 0.50753 0
3432 794 0.48060 0
3433 1305 0.52098 0
3434 796 0.48233 0
3435 796 0.48693 0
3436 796 0.49286 0
3437 717 0.48740 0
3438 1496 0.46321 0
3439 1305 0.46930 0
3440 1305 0.47185 0
3441 3073 0.46477 0
3442 1303 0.48184 0
3443 497 0.46547 0
3444 2480 0.43558 0
3445 2480 0.44499 0
3446 497 0.45178 0
3447 2487 0.49550 0
3448 2540 0.51630 0
3449 2704 0.50863 0
3450 2541 0.51157 0
3451 2540 0.52898 0
3452 2477 0.50695 0
3453 2541 0.52695 0
3454 2461 0.50361 0
3455 2463 0.49789 0
3456 2462 0.51359 0
3457 2462 0.50655 0
3458 1283 0.52429 0
3459 1283 0.51778 0
3460 2449 0.49754 0
3461 2449 0.48676 0
3462 2456 0.47177 0
3463 2456 0.46918 0
3464 2452 0.45979 0
3465 2453 0.46821 0
3466 2453 0.48723 0
3467 2453 0.48534 0
3468 2453 0.48979 0
3469 2452 0.48415 0
3470 2450 0.48487 0
3471 2452 0.46863 0
3472 1277 0.49645 0
3473 2453 0.51736 0
3474 2453 0.53556 0
3475 824 0.51867 0
3476 2447 0.50807 0
3477 824 0.52408 0
3478 2235 0.43733 0
3479 2235 0.41115 0
3480 1276 0.52678 0
3481 2235 0.42663 0
3482 2238 0.40194 0
3483 2258 0.51334 0
3484 2398 0.50174 0
3485 2238 0.34611 0
3486 2238 0.33379 0
3487 2241 0.33563 0
3488 2243 0.31674 0
3489 2243 0.33779 0
3490 2245 0.33232 0
3491 2243 0.34023 0
3492 2241 0.30930 0
3493 2238 0.28332 0
3494 2238 0.28476 0
3495 2241 0.30269 0
3496 2243 0.30843 0
3497 2243 0.30959 0
3498 2242 0.32944 0
3499 2242 0.33786 0
3500 2303 0.30508 0
3501 1277 0.40063 0
3502 2037 0.38429 0
3503 2355 0.37100 0
3504 2037 0.35706 0
3505 2114 0.32322 0
3506 2114 0.33676 0
3507 2114 0.36279 0
3508 2048 0.40143 0
3509 2047 0.38239 0
3510 2048 0.37925 0
3511 2062 0.35724 0
3512 2050 0.35370 0
3513 2050 0.35448 0
3514 2085 0.35575 0
3515 2058 0.34140 0
3516 2058 0.35519 0
3517 2098 0.39799 0
3518 2081 0.37924 0
3519 2081 0.36397 0
3520 2049 0.35007 0
3521 2049 0.33701 0
3522 2050 0.35997 0
3523 2178 0.34521 0
3524 2052 0.35860 0
3525 2052 0.37350 0
3526 2052 0.38926 0
3527 2052 0.38064 0
3528 2185 0.33725 0
3529 2185 0.31405 0
3530 2184 0.32952 0
3531 2365 0.35804 0
3532 2359 0.36000 0
3533 2119 0.29325 0
3534 2119 0.30119 0
3535 2357 0.33246 0
3536 2119 0.29450 0
3537 2234 0.32297 0
3538 2350 0.32063 0
3539 2347 0.31849 0
3540 2347 0.32241 0
3541 2343 0.32221 0
3542 2341 0.30635 0
3543 2341 0.30241 0
3544 598 0.35027 0
3545 2336 0.32725 0
3546 2234 0.25807 0
3547 2196 0.31870 0
3548 2196 0.31874 0
3549 2115 0.32385 0
3550 2194 0.28391 0
3551 2192 0.29001 0
3552 2013 0.28219 0
3553 2013 0.28809 0
3554 2019 0.30922 0
3555 1263 0.30873 0
3556 2019 0.28226 0
3557 1259 0.28282 0
3558 1261 0.30182 0
3559 2214 0.30364 0
3560 2195 0.39052 0
3561 2182 0.28939 0
3562 2183 0.30856 0
3563 2183 0.33359 0
3564 2366 0.34163 0
3565 2402 0.33466 0
3566 2365 0.36845 0
3567 2366 0.39684 0
3568 2367 0.39431 0
3569 2613 0.41761 0
3570 3190 0.44122 0
3571 2473 0.41417 0
3572 2473 0.36972 0
3573 2473 0.33673 0
3574 2473 0.28625 0
3575 3269 0.44358 0
3576 2476 0.28775 0
3577 2535 0.36225 0
3578 2476 0.35202 0
3579 2478 0.36778 0
3580 2478 0.38492 0
3581 2538 0.46850 0
3582 2487 0.40782 0
3583 2531 0.45113 0
3584 2487 0.38266 0
3585 3189 0.49650 0
3586 2538 0.45244 0
3587 2477 0.40336 0
3588 2478 0.34575 0
3589 2539 0.42851 0
3590 2476 0.33680 0
3591 2476 0.32895 0
3592 2473 0.35021 0
3593 2473 0.36180 0
3594 2542 0.36205 0
3595 2545 0.38828 0
3596 2546 0.38762 0
3597 2548 0.35980 0
3598 1283 0.39170 0
3599 2550 0.34047 0
3600 2364 0.31909 0
3601 2456 0.31168 0
3602 2456 0.30823 0
3603 2365 0.29253 0
3604 2366 0.30028 0
3605 2399 0.35948 0
3606 2113 0.34074 0
3607 2113 0.32287 0
3608 2184 0.36439 0
3609 2065 0.38641 0
3610 2340 0.35333 0
3611 2082 0.39061 0
3612 2081 0.38230 0
3613 2441 0.36933 0
3614 2081 0.34002 0
3615 2081 0.34281 0
3616 2178 0.34325 0
3617 2213 0.30913 0
3618 2213 0.32043 0
3619 2110 0.35351 0
3620 2111 0.39590 0
3621 2336 0.42015 0
3622 2196 0.40722 0
3623 2230 0.36773 0
3624 2225 0.34754 0
3625 2229 0.34236 0
3626 2226 0.32852 0
3627 2227 0.33614 0
3628 2231 0.30773 0
3629 2228 0.34097 0
3630 2228 0.32262 0
3631 2231 0.31119 0
3632 2231 0.30488 0
3633 2231 0.32956 0
3634 2231 0.32721 0
3635 2238 0.31863 0
3636 2241 0.31216 0
3637 2243 0.31894 0
3638 2245 0.31650 0
3639 2245 0.32038 0
3640 2245 0.29996 0
3641 2247 0.32484 0
3642 2303 0.34503 0
3643 2244 0.36128 0
3644 2258 0.37572 0
3645 2241 0.39836 0
3646 2258 0.37749 0
3647 2242 0.41004 0
3648 2224 0.32805 0
3649 2224 0.35869 0
3650 2256 0.39646 0
3651 2258 0.40600 0
3652 2258 0.40602 0
3653 2261 0.44224 0
3654 2261 0.45403 0
3655 3343 0.37210 0
3656 3344 0.41728 0
3657 1131 0.43341 0
3658 1128 0.41592 0
3659 1131 0.40843 0
3660 2288 0.42689 0
3661 2287 0.42295 0
3662 2151 0.39586 0
3663 2150 0.35502 0
3664 2170 0.36239 0
3665 2171 0.36195 0
3666 2171 0.36142 0
3667 2151 0.38498 0
3668 2071 0.38199 0
3669 2077 0.35991 0
3670 2078 0.35816 0
3671 2041 0.38916 0
3672 1282 0.36211 0
3673 2352 0.33229 0
3674 2353 0.33201 0
3675 1277 0.35350 0
3676 2364 0.34719 0
3677 1275 0.33779 0
3678 2454 0.31802 0
3679 1275 0.34942 0
3680 2358 0.31838 0
3681 2218 0.32586 0
3682 1276 0.35217 0
3683 2261 0.36258 0
3684 2340 0.33031 0
3685 2344 0.32723 0
3686 2340 0.35486 0
3687 2144 0.37501 0
3688 2261 0.38427 0
3689 637 0.40265 0
3690 2194 0.40424 0
3691 2424 0.35318 0
3692 2426 0.37742 0
3693 2092 0.36622 0
3694 2095 0.32058 0
3695 2099 0.32489 0
3696 2093 0.32569 0
3697 2100 0.32377 0
3698 2090 0.31995 0
3699 2100 0.33556 0
3700 2100 0.34052 0
3701 2100 0.34376 0
3702 2177 0.33220 0
3703 2106 0.32805 0
3704 2107 0.32437 0
3705 2178 0.32314 0
3706 2183 0.33233 0
3707 2185 0.32762 0
3708 2185 0.34783 0
3709 2185 0.33748 0
3710 2137 0.33446 0
3711 2131 0.30578 0
3712 2119 0.32250 0
3713 2130 0.32890 0
3714 2354 0.34374 0
3715 2356 0.34303 0
3716 2355 0.34904 0
3717 2355 0.36094 0
3718 2364 0.35916 0
3719 2457 0.26965 0
3720 2457 0.28071 0
3721 2459 0.27765 0
3722 2459 0.26032 0
3723 2460 0.28597 0
3724 2461 0.30212 0
3725 2461 0.30058 0
3726 2461 0.31176 0
3727 2546 0.37409 0
3728 2544 0.35713 0
3729 732 0.40860 0
3730 732 0.41057 0
3731 2650 0.50587 0
3732 3386 0.52404 0
3733 1721 0.46160 0
3734 1488 0.43187 0
3735 1487 0.44719 0
3736 2544 0.40462 0
3737 1486 0.53893 0
3738 1487 0.54813 0
3739 2704 0.48869 0
3740 1518 0.52493 0
3741 1338 0.46627 0
3742 1338 0.48031 0
3743 1515 0.46256 0
3744 1515 0.43650 0
3745 702 0.40324 0
3746 806 0.43443 0
3747 806 0.42354 0
3748 795 0.40279 0
3749 793 0.41809 0
3750 796 0.41366 0
3751 1517 0.40302 0
3752 793 0.44028 0
3753 796 0.43163 0
3754 1425 0.47043 0
3755 795 0.41241 0
3756 806 0.43579 0
3757 1481 0.45971 0
3758 1127 0.41670 0
3759 1127 0.40042 0
3760 2801 0.46149 0
3761 2801 0.44937 0
3762 809 0.45603 0
3763 2288 0.45806 0
3764 809 0.45970 0
3765 2798 0.47047 0
3766 811 0.45107 0
3767 810 0.44669 0
3768 811 0.41900 0
3769 814 0.45245 0
3770 812 0.45227 0
3771 2687 0.44015 0
3772 814 0.45653 0
3773 2550 0.46522 0
3774 2655 0.46615 0
3775 1112 0.47229 0
3776 1111 0.43429 0
3777 1109 0.42945 0
3778 1115 0.42257 0
3779 680 0.42423 0
3780 681 0.44155 0
3781 683 0.43103 0
3782 1279 0.42882 0
3783 2294 0.42980 0
3784 2293 0.44412 0
3785 2262 0.46692 0
3786 2266 0.46432 0
3787 2266 0.46816 0
3788 1373 0.43137 0
3789 3359 0.39440 0
3790 3344 0.41971 0
3791 3346 0.41894 0
3792 1129 0.45202 0
3793 3347 0.39518 0
3794 906 0.44777 0
3795 3166 0.36961 0
3796 3167 0.37389 0
3797 3166 0.37356 0
3798 696 0.42821 0
3799 696 0.43074 0
3800 2266 0.44759 0
3801 2265 0.45574 0
3802 2185 0.45347 0
3803 2259 0.44762 0
3804 2367 0.44007 0
3805 2367 0.44446 0
3806 1279 0.40947 0
3807 1279 0.43596 0
3808 2263 0.47341 0
3809 1279 0.41282 0
3810 1278 0.40683 0
3811 1270 0.39338 0
3812 1270 0.41987 0
3813 687 0.39560 0
3814 687 0.39040 0
3815 687 0.40825 0
3816 3278 0.38633 0
3817 1279 0.44422 0
3818 2262 0.45813 0
3819 2262 0.43459 0
3820 3364 0.43494 0
3821 2136 0.46329 0
3822 2136 0.46343 0
3823 2136 0.44959 0
3824 2136 0.46235 0
3825 1136 0.42649 0
3826 2262 0.48281 0
3827 2258 0.48217 0
3828 2258 0.46752 0
3829 2258 0.47113 0
3830 2259 0.44620 0
3831 2136 0.47941 0
3832 3530 0.47295 0
3833 3530 0.44819 0
3834 2135 0.45050 0
3835 2399 0.48155 0
3836 685 0.43624 0
3837 684 0.39612 0
3838 3166 0.37552 0
3839 2287 0.48000 0
3840 2258 0.48871 0
3841 3165 0.41780 0
3842 2262 0.45318 0
3843 2261 0.46067 0
3844 2262 0.47491 0
3845 3140 0.37309 0
3846 3169 0.39919 0
3847 2136 0.44566 0
3848 2136 0.44889 0
3849 2144 0.47368 0
3850 1373 0.46716 0
3851 1132 0.44558 0
3852 3359 0.42067 0
3853 3361 0.39727 0
3854 3366 0.39982 0
3855 693 0.39760 0
3856 3188 0.37841 0
3857 3188 0.37794 0
3858 3191 0.36865 0
3859 3191 0.39613 0
3860 1516 0.54173 0
3861 3191 0.38799 0
3862 1339 0.36500 0
3863 2525 0.39602 0
3864 2518 0.30697 1
3865 2518 0.27450 1
3866 2518 0.21370 1
3867 2514 0.15548 1
3868 2518 0.08992 1
3869 2518 0.11677 1
3870 2523 0.18656 1
3871 2523 0.26397 1
3872 2523 0.31935 0
3873 2493 0.33504 0
3874 2498 0.30834 0
3875 2498 0.30556 0
3876 2497 0.32742 0
3877 2498 0.32881 0
3878 2499 0.35368 0
3879 2493 0.39723 0
3880 2491 0.39433 0
3881 1523 0.41712 0
3882 1525 0.43781 0
3883 1525 0.41045 0
3884 1435 0.38806 0
3885 815 0.41941 0
3886 1283 0.40517 0
3887 1283 0.37232 0
3888 1283 0.37302 0
3889 3324 0.43788 0
3890 3324 0.42299 0
3891 2181 0.42286 0
3892 527 0.33091 0
3893 527 0.30976 0
3894 527 0.33065 0
3895 2179 0.38694 0
3896 2174 0.37949 0
3897 2178 0.37456 0
3898 2178 0.33844 0
3899 2178 0.35891 0
3900 665 0.34857 0
3901 3143 0.33896 0
3902 2199 0.36841 0
3903 2178 0.36625 0
3904 3147 0.33382 0
3905 3240 0.35165 0
3906 3148 0.32650 0
3907 2177 0.37711 0
3908 2176 0.35860 0
3909 2178 0.36738 0
3910 2081 0.35259 0
3911 2139 0.37718 0
3912 2178 0.40050 0
3913 2418 0.40247 0
3914 2140 0.40407 0
3915 2033 0.32556 0
3916 586 0.32692 0
3917 3242 0.30421 0
3918 2209 0.30654 0
3919 3143 0.31487 0
3920 3143 0.31750 0
3921 3142 0.29740 0
3922 565 0.27298 0
3923 565 0.28463 0
3924 567 0.30625 0
3925 569 0.30034 0
3926 565 0.28746 0
3927 565 0.30483 0
3928 565 0.30741 0
3929 564 0.29913 0
3930 565 0.31563 0
3931 566 0.30177 0
3932 644 0.33638 0
3933 2081 0.35645 0
3934 645 0.30837 0
3935 2205 0.35556 0
3936 2205 0.37751 0
3937 584 0.35802 0
3938 2081 0.38189 0
3939 2181 0.38119 0
3940 2039 0.36160 0
3941 2039 0.36653 0
3942 2081 0.36125 0
3943 2081 0.39916 0
3944 3118 0.45736 0
3945 2137 0.43498 0
3946 2137 0.42717 0
3947 2137 0.43456 0
3948 2137 0.41366 0
3949 2136 0.36194 0
3950 3135 0.42320 0
3951 3135 0.40482 0
3952 3135 0.40947 0
3953 1128 0.39929 0
3954 3227 0.39078 0
3955 1128 0.40720 0
3956 3221 0.41740 0
3957 3222 0.40565 0
3958 2669 0.38784 0
3959 2686 0.37632 0
3960 2686 0.40230 0
3961 2686 0.40946 0
3962 2668 0.41886 0
3963 2686 0.41540 0
3964 2686 0.41189 0
3965 2687 0.41754 0
3966 3090 0.41873 0
3967 285 0.40656 0
3968 2781 0.41940 0
3969 2688 0.41308 0
3970 2688 0.41915 0
3971 1589 0.51235 0
3972 2688 0.42631 0
3973 1589 0.50495 0
3974 1594 0.49179 0
3975 160 0.49370 0
3976 1737 0.45118 0
3977 2908 0.49415 0
3978 1600 0.48674 0
3979 1609 0.54065 0
3980 1600 0.46641 0
3981 1600 0.47805 0
3982 1605 0.47687 0
3983 1605 0.46837 0
3984 1603 0.45985 0
3985 410 0.43128 0
3986 410 0.42892 0
3987 410 0.42812 0
3988 998 0.41606 0
3989 999 0.42443 0
3990 410 0.42384 0
3991 410 0.43404 0
3992 410 0.43280 0
3993 414 0.45640 0
3994 410 0.45061 0
3995 414 0.44296 0
3996 413 0.44276 0
3997 420 0.49176 0
3998 1007 0.40856 0
3999 1007 0.40944 0
4000 1008 0.40397 0
4001 1007 0.40684 0
4002 1007 0.41666 0
4003 1007 0.39652 0
4004 1007 0.39882 0
4005 1007 0.42049 0
4006 1007 0.41227 0
4007 1007 0.41299 0
4008 1007 0.39900 0
4009 1007 0.39784 0
4010 1007 0.39037 0
4011 1007 0.39190 0
4012 1007 0.39168 0
4013 1007 0.39646 0
4014 1007 0.40112 0
4015 1007 0.38842 0
4016 1007 0.39159 0
4017 1007 0.38901 0
4018 1007 0.38413 0
4019 1007 0.39532 0
4020 1007 0.39696 0
4021 1007 0.38894 0
4022 1007 0.38882 0
4023 1007 0.39422 0
4024 1007 0.39115 0
4025 1007 0.38246 0
4026 1007 0.39340 0
4027 1007 0.39546 0
4028 1007 0.40258 0
4029 1007 0.38558 0
4030 1008 0.39577 0
4031 1007 0.38885 0
4032 1007 0.39270 0
4033 1007 0.39967 0
4034 413 0.47511 0
4035 1007 0.39573 0
4036 1007 0.37980 0
4037 324 0.49201 0
4038 326 0.49788 0
4039 326 0.49143 0
4040 197 0.50559 0
4041 1010 0.38504 0
4042 1010 0.39122 0
4043 327 0.48020 0
4044 327 0.47946 0
4045 203 0.48900 0
4046 327 0.47000 0
4047 327 0.47913 0
4048 328 0.46452 0
4049 327 0.47236 0
4050 327 0.47967 0
4051 403 0.45901 0
4052 416 0.46081 0
4053 416 0.48771 0
4054 327 0.48896 0
4055 84 0.57438 0
4056 1819 0.52980 0
4057 1857 0.51305 0
4058 1856 0.50663 0
4059 1857 0.52122 0
4060 1857 0.52395 0
4061 89 0.56645 0
4062 1857 0.52957 0
4063 321 0.43620 0
4064 1866 0.46847 0
4065 1867 0.44967 0
4066 1867 0.45272 0
4067 1867 0.46542 0
4068 1867 0.44516 0
4069 1867 0.45716 0
4070 1867 0.44651 0
4071 1867 0.44509 0
