301 1 0.54880 0
302 1 0.55318 0
303 1 0.59105 0
304 1 0.58197 0
305 1 0.58380 0
306 1 0.56214 0
307 1 0.57468 0
308 1 0.59241 0
309 1 0.59632 0
310 1 0.59587 0
311 11 0.53538 0
312 9 0.53828 0
313 11 0.50456 0
314 11 0.51937 0
315 11 0.52955 0
316 11 0.52877 0
317 11 0.51010 0
318 9 0.51467 0
319 9 0.50795 0
320 10 0.48952 0
321 16 0.47833 0
322 11 0.48309 0
323 10 0.50593 0
324 18 0.50362 0
325 11 0.51270 0
326 16 0.51713 0
327 8 0.49598 0
328 18 0.48698 0
329 17 0.46953 0
330 17 0.47265 0
331 11 0.49984 0
332 31 0.49503 0
333 29 0.49537 0
334 31 0.48087 0
335 31 0.47469 0
336 31 0.42345 0
337 31 0.42431 0
338 31 0.44458 0
339 31 0.51960 0
340 31 0.44739 0
341 38 0.38696 0
342 36 0.42790 0
343 38 0.42890 0
344 38 0.42323 0
345 36 0.45519 0
346 36 0.46399 0
347 38 0.45488 0
348 38 0.48100 0
349 40 0.48447 0
350 38 0.48769 0
351 43 0.46454 0
352 45 0.39754 0
353 46 0.38232 0
354 44 0.40664 0
355 44 0.40191 0
356 44 0.42213 0
357 43 0.45175 0
358 37 0.44389 0
359 38 0.44246 0
360 38 0.42307 0
361 38 0.40413 0
362 38 0.40746 0
363 38 0.40343 0
364 38 0.40008 0
365 38 0.38125 0
366 35 0.39159 0
367 35 0.37414 0
368 35 0.35437 0
369 38 0.37687 0
370 38 0.38029 0
371 38 0.38101 0
372 38 0.37418 0
373 35 0.36946 0
374 36 0.39123 0
375 62 0.38971 0
376 61 0.36825 0
377 56 0.36611 0
378 55 0.34457 0
379 54 0.35675 0
380 54 0.35115 0
381 54 0.34581 0
382 54 0.34697 0
383 56 0.31960 0
384 54 0.32618 0
385 54 0.32954 0
386 25 0.44270 0
387 27 0.44908 0
388 18 0.47519 0
389 43 0.36642 0
390 43 0.35266 0
391 43 0.33874 0
392 43 0.33855 0
393 43 0.33370 0
394 44 0.34034 0
395 44 0.32921 0
396 43 0.35039 0
397 42 0.34468 0
398 42 0.32255 0
399 42 0.33548 0
400 42 0.36112 0
401 42 0.38955 0
402 43 0.35168 0
403 42 0.37410 0
404 42 0.36464 0
405 86 0.48517 0
406 86 0.48445 0
407 81 0.39480 0
408 81 0.42713 0
409 74 0.37628 0
410 80 0.41984 0
411 81 0.44224 0
412 74 0.37148 0
413 42 0.45847 0
414 93 0.46302 0
415 73 0.39593 0
416 35 0.40071 0
417 54 0.45387 0
418 66 0.43190 0
419 95 0.47492 0
420 108 0.35055 0
421 114 0.38653 0
422 108 0.35622 0
423 105 0.37234 0
424 105 0.36711 0
425 103 0.36520 0
426 105 0.36531 0
427 103 0.38377 0
428 99 0.37416 0
429 103 0.35853 0
430 97 0.39478 0
431 97 0.36727 0
432 97 0.37691 0
433 97 0.36870 0
434 94 0.34915 0
435 94 0.35870 0
436 94 0.36483 0
437 93 0.36207 0
438 88 0.36392 0
439 86 0.36830 0
440 86 0.35584 0
441 86 0.37884 0
442 86 0.35694 0
443 89 0.38933 0
444 89 0.39039 0
445 130 0.46597 0
446 130 0.45681 0
447 130 0.44090 0
448 80 0.35910 0
449 131 0.38027 0
450 80 0.38500 0
451 80 0.40016 0
452 130 0.39793 0
453 131 0.40788 0
454 78 0.42808 0
455 69 0.36643 0
456 69 0.39723 0
457 68 0.40313 0
458 66 0.41294 0
459 66 0.43230 0
460 66 0.45722 0
461 161 0.40337 0
462 66 0.43439 0
463 29 0.44293 0
464 62 0.41509 0
465 61 0.44880 0
466 54 0.42296 0
467 54 0.39963 0
468 156 0.31398 0
469 156 0.34556 0
470 157 0.33119 0
471 170 0.35459 0
472 165 0.34043 0
473 157 0.32967 0
474 128 0.29756 0
475 130 0.33508 0
476 130 0.32836 0
477 139 0.29637 0
478 138 0.28361 0
479 138 0.25280 0
480 138 0.25934 0
481 138 0.26559 0
482 138 0.25773 0
483 144 0.25764 0
484 142 0.26041 0
485 142 0.30257 0
486 144 0.24906 0
487 145 0.25569 0
488 144 0.27351 0
489 148 0.28434 0
490 174 0.35896 0
491 155 0.35341 0
492 173 0.36495 0
493 173 0.34988 0
494 160 0.31867 0
495 157 0.32677 0
496 157 0.30804 0
497 156 0.32372 0
498 156 0.31248 0
499 154 0.31251 0
500 154 0.30430 0
501 154 0.29883 0
502 150 0.29883 0
503 151 0.30427 0
504 151 0.32702 0
505 150 0.30238 0
506 149 0.30116 0
507 146 0.29162 0
508 146 0.27144 0
509 145 0.25736 0
510 145 0.26696 0
511 145 0.27335 0
512 145 0.28160 0
513 145 0.28831 0
514 145 0.29275 0
515 139 0.29544 0
516 139 0.27012 0
517 139 0.26172 0
518 138 0.25277 0
519 136 0.23268 0
520 136 0.24571 0
521 138 0.35014 0
522 138 0.36840 0
523 133 0.24303 0
524 134 0.22240 0
525 134 0.23486 0
526 133 0.24278 0
527 131 0.23545 0
528 131 0.21110 0
529 130 0.21480 0
530 129 0.22290 0
531 129 0.22770 0
532 129 0.23694 0
533 126 0.24158 0
534 125 0.22953 0
535 125 0.21301 0
536 125 0.21143 0
537 125 0.21712 0
538 125 0.21522 0
539 125 0.21415 0
540 125 0.21188 0
541 125 0.20642 0
542 125 0.21101 0
543 125 0.21226 0
544 125 0.21525 0
545 125 0.21707 0
546 125 0.22222 0
547 125 0.22082 0
548 125 0.21592 0
549 125 0.21370 0
550 125 0.21925 0
551 125 0.21329 0
552 125 0.21729 0
553 125 0.21808 0
554 125 0.21283 0
555 125 0.20977 0
556 125 0.20912 0
557 125 0.20966 0
558 125 0.20860 0
559 125 0.21181 0
560 125 0.21585 0
561 125 0.22059 0
562 125 0.22002 0
563 125 0.21710 0
564 125 0.23456 0
565 125 0.23845 0
566 125 0.26543 0
567 125 0.27266 0
568 121 0.27451 0
569 121 0.24305 0
570 121 0.22883 0
571 121 0.23763 0
572 121 0.27356 0
573 121 0.29181 0
574 120 0.24602 0
575 118 0.27621 0
576 122 0.29485 0
577 118 0.26918 0
578 116 0.27425 0
579 117 0.27312 0
580 97 0.33862 0
581 115 0.29799 0
582 116 0.30235 0
583 104 0.32891 0
584 98 0.33813 0
585 108 0.33087 0
586 108 0.32583 0
587 108 0.34425 0
588 108 0.33370 0
589 108 0.32234 0
590 100 0.38219 0
591 108 0.35870 0
592 113 0.36757 0
593 108 0.35113 0
594 116 0.35173 0
595 98 0.40719 0
596 120 0.35135 0
597 120 0.35763 0
598 120 0.32816 0
599 120 0.34089 0
600 40 0.33041 0
601 76 0.28149 0
602 74 0.26846 0
603 74 0.27536 0
604 80 0.27200 0
605 80 0.26332 0
606 80 0.24781 0
607 80 0.23386 0
608 81 0.23277 0
609 81 0.22214 0
610 81 0.22819 0
611 81 0.24765 0
612 81 0.23848 0
613 45 0.24258 0
614 44 0.24537 0
615 44 0.25679 0
616 45 0.25800 0
617 50 0.26263 0
618 50 0.30363 0
619 52 0.31654 0
620 56 0.33677 0
621 94 0.29621 0
622 97 0.31585 0
623 97 0.34917 0
624 99 0.32860 0
625 24 0.36706 0
626 108 0.36155 0
627 27 0.36381 0
628 27 0.34088 0
629 65 0.31764 0
630 27 0.34074 0
631 27 0.32585 0
632 28 0.32673 0
633 295 0.41493 0
634 36 0.32560 0
635 49 0.31480 0
636 44 0.28814 0
637 42 0.28735 0
638 37 0.25788 0
639 37 0.25322 0
640 38 0.20525 0
641 44 0.22499 0
642 44 0.21954 0
643 45 0.22409 0
644 44 0.20415 0
645 45 0.22332 0
646 45 0.20982 0
647 49 0.18858 0
648 50 0.20747 0
649 50 0.20154 0
650 69 0.26271 0
651 69 0.26410 0
652 71 0.25272 0
653 71 0.27539 0
654 155 0.38338 0
655 247 0.32525 0
656 155 0.38292 0
657 247 0.32144 0
658 71 0.24685 0
659 256 0.33081 0
660 256 0.32729 0
661 256 0.33403 0
662 51 0.27141 0
663 277 0.35712 0
664 256 0.33333 0
665 274 0.34447 0
666 256 0.34284 0
667 68 0.30274 0
668 68 0.28537 0
669 68 0.26496 0
670 320 0.41251 0
671 49 0.22798 0
672 69 0.27159 0
673 49 0.23504 0
674 65 0.26354 0
675 278 0.33044 0
676 277 0.35464 0
677 47 0.22318 0
678 49 0.20867 0
679 49 0.20308 0
680 49 0.20810 0
681 50 0.24376 0
682 49 0.22570 0
683 50 0.24752 0
684 49 0.23352 0
685 72 0.29549 0
686 42 0.28274 0
687 44 0.26942 0
688 44 0.23752 0
689 44 0.24783 0
690 38 0.24687 0
691 36 0.30521 0
692 281 0.37320 0
693 294 0.53247 0
694 59 0.32692 0
695 59 0.29010 0
696 57 0.28422 0
697 56 0.29672 0
698 56 0.29185 0
699 61 0.31136 0
700 59 0.31109 0
701 54 0.31329 0
702 68 0.32265 0
703 69 0.30336 0
704 69 0.29571 0
705 69 0.29933 0
706 69 0.30003 0
707 69 0.29127 0
708 69 0.26406 0
709 69 0.29530 0
710 69 0.29029 0
711 73 0.27808 0
712 73 0.27991 0
713 78 0.26865 0
714 81 0.28451 0
715 43 0.27790 0
716 43 0.25968 0
717 44 0.29821 0
718 82 0.27159 0
719 85 0.26782 0
720 85 0.26015 0
721 88 0.27925 0
722 86 0.27162 0
723 86 0.27110 0
724 88 0.27910 0
725 90 0.26363 0
726 90 0.26402 0
727 90 0.25597 0
728 94 0.26732 0
729 94 0.22821 0
730 94 0.25076 0
731 94 0.27498 0
732 94 0.28621 0
733 97 0.26855 0
734 95 0.28749 0
735 103 0.25879 0
736 102 0.26908 0
737 101 0.25862 0
738 103 0.29331 0
739 103 0.29384 0
740 104 0.31444 0
741 105 0.32968 0
742 104 0.38063 0
743 110 0.35231 0
744 106 0.38244 0
745 110 0.36288 0
746 106 0.37023 0
747 106 0.35683 0
748 103 0.37627 0
749 102 0.38740 0
750 103 0.38201 0
751 104 0.43430 0
752 106 0.36813 0
753 103 0.37358 0
754 116 0.32186 0
755 118 0.38438 0
756 121 0.38159 0
757 121 0.35531 0
758 121 0.34147 0
759 121 0.33756 0
760 93 0.39622 0
761 93 0.37275 0
762 90 0.36587 0
763 90 0.36253 0
764 86 0.33840 0
765 86 0.32172 0
766 86 0.33442 0
767 85 0.35292 0
768 85 0.33227 0
769 85 0.33735 0
770 85 0.33875 0
771 82 0.34028 0
772 82 0.34121 0
773 233 0.36680 0
774 243 0.36992 0
775 233 0.34836 0
776 251 0.31089 0
777 251 0.31239 0
778 251 0.33946 0
779 335 0.33330 0
780 338 0.33734 0
781 339 0.32546 0
782 340 0.32458 0
783 337 0.29932 0
784 337 0.29265 0
785 338 0.30963 0
786 339 0.29388 0
787 340 0.29015 0
788 340 0.28260 0
789 340 0.27816 0
790 339 0.29495 0
791 339 0.28161 0
792 344 0.27583 0
793 337 0.32421 0
794 332 0.33254 0
795 332 0.32919 0
796 332 0.32489 0
797 332 0.29993 0
798 332 0.32268 0
799 228 0.38690 0
800 334 0.34624 0
801 334 0.37486 0
802 313 0.31758 0
803 313 0.34628 0
804 44 0.35488 0
805 320 0.38403 0
806 221 0.42164 0
807 320 0.37821 0
808 260 0.40305 0
809 259 0.33684 0
810 259 0.32161 0
811 259 0.29393 0
812 260 0.33506 0
813 261 0.34606 0
814 262 0.34458 0
815 262 0.33446 0
816 200 0.45082 0
817 467 0.45797 0
818 378 0.44704 0
819 378 0.45935 0
820 383 0.45716 0
821 383 0.44170 0
822 373 0.40042 0
823 373 0.40683 0
824 375 0.40043 0
825 379 0.38986 0
826 379 0.37399 0
827 85 0.43001 0
828 85 0.40816 0
829 81 0.41456 0
830 81 0.39662 0
831 85 0.39335 0
832 85 0.38302 0
833 80 0.38989 0
834 370 0.38554 0
835 130 0.35053 0
836 85 0.40162 0
837 373 0.37439 0
838 128 0.36427 0
839 127 0.32615 0
840 127 0.33071 0
841 128 0.30579 0
842 128 0.31426 0
843 535 0.34859 0
844 531 0.39989 0
845 95 0.44833 0
846 95 0.45836 0
847 95 0.45228 0
848 95 0.46242 0
849 97 0.46210 0
850 97 0.45404 0
851 97 0.45852 0
852 103 0.46681 0
853 108 0.35353 0
854 108 0.35491 0
855 108 0.36144 0
856 108 0.37307 0
857 382 0.52161 0
858 101 0.47440 0
859 108 0.40173 0
860 114 0.39444 0
861 101 0.40534 0
862 94 0.46724 0
863 101 0.35076 0
864 96 0.40124 0
865 93 0.42196 0
866 93 0.38251 0
867 93 0.35204 0
868 91 0.37023 0
869 89 0.36939 0
870 89 0.35384 0
871 86 0.32167 0
872 86 0.33691 0
873 86 0.32541 0
874 86 0.33668 0
875 80 0.32329 0
876 80 0.32381 0
877 81 0.34375 0
878 43 0.38066 0
879 262 0.32310 0
880 262 0.31969 0
881 263 0.33054 0
882 278 0.33293 0
883 72 0.33702 0
884 269 0.37116 0
885 54 0.35295 0
886 54 0.33086 0
887 272 0.33226 0
888 56 0.35353 0
889 57 0.35797 0
890 57 0.35708 0
891 416 0.42647 0
892 416 0.40842 0
893 416 0.39854 0
894 266 0.40903 0
895 266 0.42527 0
896 168 0.40283 0
897 166 0.41321 0
898 167 0.41659 0
899 167 0.40557 0
900 175 0.42847 0
901 173 0.43055 0
902 175 0.40696 0
903 173 0.41051 0
904 167 0.39380 0
905 176 0.40683 0
906 319 0.38534 0
907 320 0.41137 0
908 274 0.38273 0
909 173 0.38257 0
910 173 0.40035 0
911 471 0.37624 0
912 471 0.37365 0
913 496 0.36464 0
914 496 0.35628 0
915 494 0.31880 0
916 490 0.30738 0
917 493 0.31898 0
918 494 0.32499 0
919 494 0.34631 0
920 170 0.38515 0
921 170 0.37977 0
922 216 0.45872 0
923 166 0.40146 0
924 170 0.37522 0
925 170 0.38653 0
926 328 0.34324 0
927 168 0.38411 0
928 264 0.41700 0
929 328 0.37546 0
930 166 0.41156 0
931 166 0.40274 0
932 166 0.41177 0
933 268 0.39858 0
934 268 0.40153 0
935 268 0.40247 0
936 268 0.41478 0
937 170 0.41811 0
938 170 0.42257 0
939 272 0.43435 0
940 272 0.44302 0
941 416 0.41889 0
942 260 0.41838 0
943 416 0.40749 0
944 414 0.39840 0
945 416 0.39323 0
946 416 0.39391 0
947 420 0.38019 0
948 416 0.38122 0
949 420 0.33418 0
950 434 0.44337 0
951 434 0.48134 0
952 434 0.48086 0
953 434 0.45122 0
954 434 0.42778 0
955 434 0.40986 0
956 392 0.46386 0
957 392 0.46151 0
958 392 0.44658 0
959 394 0.43962 0
960 394 0.44636 0
961 392 0.40760 0
962 398 0.41885 0
963 392 0.41229 0
964 396 0.41452 0
965 395 0.41911 0
966 394 0.41034 0
967 264 0.44048 0
968 320 0.38048 0
969 320 0.39675 0
970 320 0.36825 0
971 231 0.30736 0
972 669 0.36886 0
973 235 0.32915 0
974 232 0.29075 0
975 235 0.28920 0
976 235 0.28791 0
977 235 0.28034 0
978 235 0.26343 0
979 235 0.30141 0
980 669 0.35227 0
981 669 0.33515 0
982 260 0.38468 0
983 73 0.35187 0
984 260 0.42562 0
985 200 0.46291 0
986 200 0.44425 0
987 66 0.38837 0
988 382 0.38362 0
989 383 0.40134 0
990 36 0.39808 0
991 620 0.42826 0
992 293 0.42533 0
993 293 0.41161 0
994 293 0.42295 0
995 292 0.40869 0
996 691 0.39185 0
997 669 0.36489 0
998 57 0.40535 0
999 669 0.34774 0
1000 261 0.41836 0
1001 265 0.39529 0
1002 265 0.36571 0
1003 265 0.36923 0
1004 268 0.36732 0
1005 268 0.35766 0
1006 669 0.29923 0
1007 269 0.34458 0
1008 669 0.31810 0
1009 669 0.33146 0
1010 669 0.35194 0
1011 669 0.33559 0
1012 293 0.37028 0
1013 66 0.34810 0
1014 64 0.38598 0
1015 631 0.35591 0
1016 631 0.32802 0
1017 631 0.30855 0
1018 628 0.31837 0
1019 628 0.30327 0
1020 628 0.32083 0
1021 626 0.31691 0
1022 390 0.41355 0
1023 389 0.42352 0
1024 624 0.32178 0
1025 622 0.32171 0
1026 621 0.32060 0
1027 389 0.39749 0
1028 293 0.37169 0
1029 617 0.29954 0
1030 294 0.35860 0
1031 633 0.39124 0
1032 633 0.37484 0
1033 633 0.34258 0
1034 630 0.35288 0
1035 630 0.36329 0
1036 390 0.42576 0
1037 628 0.34167 0
1038 628 0.32865 0
1039 624 0.39368 0
1040 625 0.36788 0
1041 627 0.37486 0
1042 8 0.41948 0
1043 16 0.35263 0
1044 620 0.35329 0
1045 620 0.34226 0
1046 620 0.35857 0
1047 633 0.39943 0
1048 293 0.35916 0
1049 633 0.35181 0
1050 633 0.33107 0
1051 631 0.34397 0
1052 630 0.32984 0
1053 624 0.39867 0
1054 386 0.47550 0
1055 10 0.44155 0
1056 386 0.45751 0
1057 630 0.47219 0
1058 16 0.42832 0
1059 99 0.41453 0
1060 578 0.50753 0
1061 102 0.44496 0
1062 596 0.55555 0
1063 592 0.56050 0
1064 595 0.56155 0
1065 596 0.43121 0
1066 596 0.42210 0
1067 595 0.40411 0
1068 2 0.46438 0
1069 595 0.39021 0
1070 595 0.40034 0
1071 432 0.45357 0
1072 429 0.46880 0
1073 740 0.43333 0
1074 103 0.44220 0
1075 430 0.49853 0
1076 427 0.46859 0
1077 740 0.43726 0
1078 740 0.42453 0
1079 595 0.47039 0
1080 424 0.51163 0
1081 425 0.50360 0
1082 425 0.50193 0
1083 425 0.48699 0
1084 425 0.47823 0
1085 429 0.45488 0
1086 429 0.48030 0
1087 427 0.47886 0
1088 427 0.50418 0
1089 428 0.48785 0
1090 424 0.49263 0
1091 428 0.48303 0
1092 424 0.48366 0
1093 424 0.47442 0
1094 424 0.47143 0
1095 424 0.47670 0
1096 422 0.48112 0
1097 423 0.49140 0
1098 423 0.50289 0
1099 423 0.49838 0
1100 431 0.51441 0
1101 432 0.51602 0
1102 431 0.50669 0
1103 425 0.49674 0
1104 431 0.50321 0
1105 431 0.49347 0
1106 424 0.49076 0
1107 422 0.48225 0
1108 423 0.47117 0
1109 422 0.47479 0
1110 422 0.47866 0
1111 427 0.49464 0
1112 422 0.49961 0
1113 427 0.50915 0
1114 427 0.50096 0
1115 427 0.53018 0
1116 427 0.50134 0
1117 427 0.51737 0
1118 427 0.49363 0
1119 427 0.49063 0
1120 420 0.53181 0
1121 429 0.53356 0
1122 748 0.52942 0
1123 748 0.53414 0
1124 422 0.52785 0
1125 422 0.52780 0
1126 578 0.48600 0
1127 428 0.48828 0
1128 582 0.46337 0
1129 429 0.46818 0
1130 429 0.46863 0
1131 429 0.48428 0
1132 429 0.47592 0
1133 582 0.48825 0
1134 429 0.49696 0
1135 582 0.49922 0
1136 103 0.43527 0
1137 424 0.50009 0
1138 103 0.43753 0
1139 587 0.48367 0
1140 585 0.47642 0
1141 736 0.49230 0
1142 738 0.48804 0
1143 587 0.46483 0
1144 585 0.46721 0
1145 735 0.53311 0
1146 585 0.52669 0
1147 585 0.52289 0
1148 585 0.53323 0
1149 585 0.56318 0
1150 738 0.53828 0
1151 738 0.52552 0
1152 103 0.52174 0
1153 103 0.50932 0
1154 2 0.51906 0
1155 429 0.48762 0
1156 740 0.44412 0
1157 423 0.50126 0
1158 423 0.49525 0
1159 742 0.53365 0
1160 746 0.49372 0
1161 743 0.46462 0
1162 746 0.49017 0
1163 740 0.46914 0
1164 741 0.46330 0
1165 740 0.48647 0
1166 852 0.50173 0
1167 739 0.50079 0
1168 2 0.44053 0
1169 1 0.42701 0
1170 740 0.46991 0
1171 423 0.47399 0
1172 576 0.49299 0
1173 1 0.42442 0
1174 1 0.43329 0
1175 1 0.43338 0
1176 432 0.51815 0
1177 1 0.48672 0
1178 587 0.55938 0
1179 585 0.55240 0
1180 865 0.55853 0
1181 857 0.56504 0
1182 859 0.54884 0
1183 746 0.51699 0
1184 859 0.56012 0
1185 423 0.52689 0
1186 423 0.53508 0
1187 2 0.54610 0
1188 431 0.56008 0
1189 852 0.58282 0
1190 431 0.54982 0
1191 423 0.53519 0
1192 435 0.54243 0
1193 424 0.53231 0
1194 423 0.54430 0
1195 430 0.56767 0
1196 423 0.54191 0
1197 434 0.50723 0
1198 433 0.54715 0
1199 746 0.55073 0
1200 435 0.51576 0
1201 431 0.54142 0
1202 432 0.52740 0
1203 431 0.47124 0
1204 429 0.45598 0
1205 429 0.47153 0
1206 429 0.45616 0
1207 433 0.52981 0
1208 435 0.53943 0
1209 433 0.52193 0
1210 433 0.49835 0
1211 428 0.51772 0
1212 857 0.49840 0
1213 430 0.52046 0
1214 430 0.52615 0
1215 430 0.51135 0
1216 746 0.51105 0
1217 746 0.47098 0
1218 746 0.47189 0
1219 746 0.46087 0
1220 423 0.45380 0
1221 746 0.45755 0
1222 585 0.46109 0
1223 585 0.46124 0
1224 581 0.44535 0
1225 593 0.46606 0
1226 584 0.49350 0
1227 585 0.49702 0
1228 430 0.49930 0
1229 584 0.51992 0
1230 430 0.48395 0
1231 429 0.50964 0
1232 428 0.51199 0
1233 582 0.52733 0
1234 747 0.51932 0
1235 389 0.53235 0
1236 423 0.49122 0
1237 430 0.48234 0
1238 430 0.51616 0
1239 412 0.56660 0
1240 200 0.50466 0
1241 392 0.49985 0
1242 627 0.54070 0
1243 434 0.51597 0
1244 408 0.60952 0
1245 584 0.50475 0
1246 111 0.51529 0
1247 573 0.54758 0
1248 573 0.54472 0
1249 572 0.53005 0
1250 571 0.50660 0
1251 572 0.50095 0
1252 572 0.50435 0
1253 576 0.52472 0
1254 754 0.50194 0
1255 572 0.49805 0
1256 103 0.47475 0
1257 572 0.48522 0
1258 578 0.47397 0
1259 578 0.46120 0
1260 581 0.46465 0
1261 422 0.46038 0
1262 421 0.41814 0
1263 421 0.43543 0
1264 420 0.45102 0
1265 421 0.45314 0
1266 421 0.44755 0
1267 419 0.44605 0
1268 420 0.43948 0
1269 419 0.44477 0
1270 415 0.45382 0
1271 420 0.46277 0
1272 426 0.46398 0
1273 429 0.45864 0
1274 426 0.44784 0
1275 426 0.43440 0
1276 428 0.42166 0
1277 426 0.42878 0
1278 426 0.42988 0
1279 435 0.39816 0
1280 437 0.38441 0
1281 437 0.37828 0
1282 438 0.36638 0
1283 438 0.36261 0
1284 439 0.34902 0
1285 440 0.34380 0
1286 443 0.34357 0
1287 439 0.37251 0
1288 530 0.35938 0
1289 448 0.35775 0
1290 448 0.37554 0
1291 446 0.37441 0
1292 444 0.37006 0
1293 444 0.35751 0
1294 527 0.37156 0
1295 527 0.37516 0
1296 523 0.34841 0
1297 523 0.34985 0
1298 530 0.41600 0
1299 523 0.37455 0
1300 905 0.36808 0
1301 905 0.36444 0
1302 197 0.36019 0
1303 197 0.37263 0
1304 197 0.39305 0
1305 170 0.34647 0
1306 170 0.35560 0
1307 170 0.34358 0
1308 923 0.33624 0
1309 915 0.33484 0
1310 504 0.29491 0
1311 497 0.31085 0
1312 497 0.27950 0
1313 920 0.32346 0
1314 921 0.31451 0
1315 502 0.32972 0
1316 920 0.33339 0
1317 493 0.25887 0
1318 918 0.32478 0
1319 493 0.29297 0
1320 913 0.36741 0
1321 910 0.35069 0
1322 799 0.35094 0
1323 799 0.32334 0
1324 521 0.30410 0
1325 522 0.29599 0
1326 488 0.27765 0
1327 486 0.24286 0
1328 488 0.28536 0
1329 486 0.24360 0
1330 799 0.36910 0
1331 486 0.26417 0
1332 173 0.38547 0
1333 963 0.34857 0
1334 173 0.37503 0
1335 963 0.39746 0
1336 961 0.39176 0
1337 893 0.41289 0
1338 893 0.38680 0
1339 893 0.40119 0
1340 894 0.41564 0
1341 1019 0.39976 0
1342 1017 0.40599 0
1343 471 0.41308 0
1344 1019 0.39872 0
1345 630 0.41041 0
1346 630 0.40290 0
1347 1019 0.38609 0
1348 630 0.40737 0
1349 620 0.42599 0
1350 1025 0.40582 0
1351 912 0.39682 0
1352 471 0.36844 0
1353 913 0.42983 0
1354 912 0.39725 0
1355 128 0.35938 0
1356 128 0.32960 0
1357 127 0.29376 0
1358 128 0.29309 0
1359 128 0.29136 0
1360 129 0.27815 0
1361 129 0.26705 0
1362 132 0.29681 0
1363 132 0.29367 0
1364 523 0.32826 0
1365 521 0.32209 0
1366 528 0.32645 0
1367 528 0.29181 0
1368 528 0.27819 0
1369 528 0.25806 0
1370 530 0.27790 0
1371 530 0.27199 0
1372 531 0.26800 0
1373 538 0.27566 0
1374 538 0.26837 0
1375 564 0.26019 0
1376 564 0.24009 0
1377 564 0.23360 0
1378 571 0.24144 0
1379 571 0.20820 0
1380 571 0.22541 0
1381 572 0.22471 0
1382 573 0.22355 0
1383 577 0.24359 0
1384 577 0.24568 0
1385 575 0.22687 0
1386 575 0.23537 0
1387 575 0.24453 0
1388 575 0.24622 0
1389 581 0.24474 0
1390 581 0.23931 0
1391 579 0.24669 0
1392 577 0.24341 0
1393 582 0.25505 0
1394 582 0.24720 0
1395 581 0.24252 0
1396 581 0.23713 0
1397 583 0.24142 0
1398 583 0.24898 0
1399 583 0.27412 0
1400 587 0.26269 0
1401 588 0.26449 0
1402 583 0.28630 0
1403 587 0.25124 0
1404 588 0.27318 0
1405 587 0.27657 0
1406 589 0.28834 0
1407 587 0.28354 0
1408 589 0.29495 0
1409 588 0.26457 0
1410 588 0.30669 0
1411 588 0.28240 0
1412 742 0.27599 0
1413 740 0.29641 0
1414 742 0.27744 0
1415 588 0.34590 0
1416 740 0.28764 0
1417 595 0.31598 0
1418 595 0.29608 0
1419 596 0.30747 0
1420 596 0.32800 0
1421 93 0.33093 0
1422 598 0.35817 0
1423 571 0.34599 0
1424 569 0.36036 0
1425 127 0.35734 0
1426 126 0.37779 0
1427 409 0.38040 0
1428 608 0.40011 0
1429 81 0.40745 0
1430 608 0.36043 0
1431 78 0.38654 0
1432 611 0.35904 0
1433 610 0.35397 0
1434 74 0.41547 0
1435 78 0.40618 0
1436 78 0.42075 0
1437 981 0.41364 0
1438 981 0.42477 0
1439 981 0.38918 0
1440 669 0.38588 0
1441 669 0.40070 0
1442 57 0.42947 0
1443 985 0.41294 0
1444 702 0.43262 0
1445 21 0.38587 0
1446 701 0.41493 0
1447 702 0.42017 0
1448 12 0.43605 0
1449 36 0.41218 0
1450 705 0.40396 0
1451 705 0.38189 0
1452 603 0.38489 0
1453 603 0.38207 0
1454 169 0.39498 0
1455 169 0.38468 0
1456 170 0.38612 0
1457 484 0.30132 0
1458 170 0.37029 0
1459 477 0.35968 0
1460 159 0.35804 0
1461 1004 0.36473 0
1462 323 0.38343 0
1463 328 0.39047 0
1464 328 0.37103 0
1465 506 0.33950 0
1466 889 0.37064 0
1467 926 0.33835 0
1468 170 0.35272 0
1469 152 0.32819 0
1470 324 0.36042 0
1471 328 0.35709 0
1472 328 0.37634 0
1473 926 0.36377 0
1474 926 0.36011 0
1475 151 0.35182 0
1476 170 0.36124 0
1477 169 0.35901 0
1478 926 0.34705 0
1479 170 0.35403 0
1480 669 0.36681 0
1481 163 0.38340 0
1482 328 0.37211 0
1483 153 0.36187 0
1484 328 0.35917 0
1485 328 0.35872 0
1486 328 0.37273 0
1487 154 0.35840 0
1488 328 0.39481 0
1489 153 0.38951 0
1490 152 0.33416 0
1491 328 0.35991 0
1492 329 0.35418 0
1493 328 0.36811 0
1494 328 0.35853 0
1495 328 0.36518 0
1496 328 0.37349 0
1497 669 0.38874 0
1498 669 0.38336 0
1499 669 0.38803 0
1500 669 0.38262 0
1501 160 0.34594 0
1502 653 0.40216 0
1503 160 0.37350 0
1504 328 0.38773 0
1505 329 0.35676 0
1506 328 0.37032 0
1507 669 0.37331 0
1508 999 0.37814 0
1509 670 0.39335 0
1510 669 0.39362 0
1511 1005 0.39044 0
1512 669 0.40080 0
1513 702 0.41092 0
1514 702 0.42033 0
1515 705 0.37287 0
1516 707 0.39838 0
1517 982 0.41669 0
1518 999 0.39758 0
1519 706 0.41511 0
1520 56 0.39789 0
1521 675 0.39839 0
1522 999 0.38557 0
1523 66 0.39336 0
1524 66 0.36133 0
1525 29 0.37725 0
1526 705 0.36251 0
1527 68 0.36738 0
1528 707 0.36117 0
1529 73 0.36048 0
1530 708 0.36682 0
1531 78 0.37188 0
1532 78 0.34689 0
1533 79 0.34056 0
1534 79 0.31590 0
1535 81 0.32779 0
1536 79 0.33130 0
1537 80 0.29605 0
1538 81 0.32278 0
1539 81 0.34943 0
1540 81 0.36083 0
1541 81 0.36867 0
1542 474 0.38700 0
1543 91 0.30164 0
1544 91 0.30930 0
1545 559 0.37197 0
1546 545 0.35236 0
1547 93 0.28539 0
1548 94 0.30594 0
1549 95 0.31731 0
1550 98 0.32345 0
1551 97 0.33438 0
1552 99 0.35616 0
1553 99 0.35732 0
1554 114 0.37502 0
1555 593 0.26967 0
1556 590 0.24452 0
1557 589 0.21108 0
1558 590 0.24462 0
1559 590 0.20959 0
1560 106 0.34405 0
1561 588 0.22097 0
1562 113 0.32413 1
1563 114 0.32104 1
1564 116 0.25814 1
1565 117 0.23939 1
1566 118 0.20966 1
1567 119 0.19455 1
1568 121 0.18067 1
1569 122 0.18350 1
1570 122 0.14404 1
1571 124 0.15292 1
1572 124 0.16392 1
1573 127 0.12488 1
1574 127 0.13199 1
1575 128 0.13366 1
1576 130 0.11077 1
1577 131 0.08063 1
1578 132 0.07273 1
1579 133 0.07822 1
1580 134 0.09495 1
1581 135 0.10556 1
1582 137 0.11984 1
1583 138 0.10994 1
1584 139 0.09038 1
1585 140 0.09785 1
1586 142 0.10909 1
1587 142 0.08658 1
1588 143 0.10359 1
1589 144 0.09905 1
1590 145 0.09176 1
1591 146 0.08777 1
1592 147 0.10003 1
1593 148 0.08447 1
1594 149 0.07288 1
1595 150 0.08424 1
1596 151 0.07329 1
1597 153 0.07009 1
1598 153 0.06069 1
1599 154 0.08222 1
1600 155 0.07756 1
1601 157 0.09505 1
1602 157 0.07195 1
1603 158 0.06205 1
1604 160 0.04692 1
1605 161 0.05670 1
1606 162 0.04515 1
1607 163 0.07236 1
1608 164 0.07978 1
1609 165 0.09355 1
1610 166 0.09915 1
1611 167 0.09790 1
1612 168 0.08394 1
1613 169 0.07707 1
1614 170 0.10772 1
1615 172 0.10949 1
1616 173 0.08386 1
1617 174 0.09335 1
1618 174 0.08684 1
1619 176 0.07733 1
1620 177 0.09878 1
1621 178 0.08590 1
1622 179 0.08481 1
1623 180 0.11399 1
1624 181 0.12962 1
1625 183 0.11947 1
1626 185 0.12884 1
1627 186 0.11357 1
1628 187 0.12250 1
1629 188 0.10742 1
1630 190 0.10590 1
1631 191 0.08321 1
1632 194 0.11519 1
1633 195 0.10353 1
1634 197 0.08286 1
1635 199 0.09896 1
1636 199 0.11736 1
1637 202 0.16040 1
1638 201 0.19996 1
1639 204 0.25206 1
1640 204 0.29164 1
1641 170 0.33904 0
1642 170 0.35675 0
1643 170 0.38164 0
1644 170 0.37381 0
1645 333 0.39517 0
1646 334 0.40590 0
1647 920 0.44631 0
1648 170 0.40561 0
1649 914 0.40502 0
1650 173 0.39409 0
1651 474 0.37704 0
1652 328 0.39156 0
1653 472 0.36360 0
1654 153 0.35702 0
1655 153 0.34216 0
1656 153 0.33817 0
1657 153 0.32884 0
1658 153 0.33213 0
1659 148 0.37209 0
1660 150 0.38905 0
1661 153 0.35007 0
1662 319 0.32858 0
1663 151 0.34316 0
1664 151 0.30984 0
1665 151 0.29794 0
1666 151 0.29062 0
1667 153 0.28722 0
1668 172 0.35263 0
1669 167 0.31594 0
1670 167 0.34001 0
1671 168 0.32517 0
1672 169 0.31445 0
1673 170 0.32165 0
1674 170 0.31146 0
1675 170 0.34652 0
1676 308 0.41255 0
1677 201 0.42937 0
1678 655 0.41261 0
1679 259 0.40411 0
1680 260 0.37727 0
1681 200 0.36488 0
1682 469 0.35365 0
1683 472 0.37801 0
1684 472 0.40663 0
1685 470 0.38609 0
1686 453 0.36977 0
1687 453 0.36937 0
1688 453 0.36155 0
1689 823 0.42777 0
1690 80 0.40544 0
1691 75 0.36184 0
1692 77 0.34424 0
1693 77 0.34017 0
1694 80 0.32157 0
1695 1362 0.30047 0
1696 80 0.30061 0
1697 80 0.29952 0
1698 80 0.30682 0
1699 80 0.31180 0
1700 1370 0.30934 0
1701 1370 0.29865 0
1702 1371 0.30382 0
1703 88 0.29605 0
1704 544 0.29130 0
1705 565 0.26801 0
1706 565 0.25433 0
1707 573 0.26007 0
1708 577 0.25389 0
1709 576 0.24438 0
1710 1396 0.25158 0
1711 1396 0.27918 0
1712 1397 0.26238 0
1713 584 0.28660 0
1714 1410 0.51169 0
1715 1410 0.51685 0
1716 857 0.40490 0
1717 746 0.36492 0
1718 747 0.33340 0
1719 747 0.36149 0
1720 747 0.32753 0
1721 110 0.30407 0
1722 110 0.28935 0
1723 585 0.33631 0
1724 592 0.35477 0
1725 597 0.36296 0
1726 582 0.35295 0
1727 580 0.35733 0
1728 436 0.37883 0
1729 570 0.28747 0
1730 545 0.28666 0
1731 545 0.28640 0
1732 531 0.26969 0
1733 529 0.25459 0
1734 524 0.28525 0
1735 134 0.26227 0
1736 134 0.26800 0
1737 518 0.27550 0
1738 1325 0.30180 0
1739 186 0.33803 0
1740 511 0.31696 0
1741 508 0.32123 0
1742 508 0.32380 0
1743 506 0.33830 0
1744 506 0.33652 0
1745 506 0.33244 0
1746 922 0.36446 0
1747 503 0.37268 0
1748 503 0.36622 0
1749 462 0.38982 0
1750 301 0.41918 0
1751 203 0.42450 0
1752 199 0.42543 0
1753 199 0.41197 0
1754 206 0.45777 0
1755 218 0.44639 0
1756 254 0.40835 0
1757 254 0.37581 0
1758 254 0.36503 0
1759 254 0.34808 0
1760 254 0.34374 0
1761 1327 0.35681 0
1762 179 0.36363 0
1763 185 0.32034 0
1764 185 0.31057 0
1765 483 0.27431 0
1766 186 0.28352 0
1767 185 0.31023 0
1768 185 0.30717 0
1769 185 0.31869 0
1770 239 0.41163 0
1771 239 0.40748 0
1772 234 0.42726 0
1773 319 0.33652 0
1774 317 0.35658 0
1775 317 0.34863 0
1776 256 0.41511 0
1777 235 0.44492 0
1778 975 0.44492 0
1779 926 0.39927 0
1780 1313 0.38281 0
1781 1314 0.38146 0
1782 1313 0.38937 0
1783 926 0.39016 0
1784 923 0.38862 0
1785 923 0.38628 0
1786 923 0.39833 0
1787 923 0.37194 0
1788 924 0.38302 0
1789 924 0.38439 0
1790 924 0.39690 0
1791 1480 0.42322 0
1792 926 0.42686 0
1793 926 0.42111 0
1794 166 0.40047 0
1795 926 0.42498 0
1796 166 0.43000 0
1797 904 0.42712 0
1798 941 0.39771 0
1799 930 0.41534 0
1800 935 0.46071 0
1801 941 0.42454 0
1802 941 0.41898 0
1803 220 0.42152 0
1804 975 0.42890 0
1805 174 0.39057 0
1806 174 0.39847 0
1807 319 0.38913 0
1808 175 0.37792 0
1809 799 0.35562 0
1810 798 0.37073 0
1811 907 0.39696 0
1812 249 0.32921 0
1813 249 0.33168 0
1814 249 0.33976 0
1815 250 0.35575 0
1816 255 0.35216 0
1817 332 0.35622 0
1818 239 0.32771 0
1819 239 0.33430 0
1820 239 0.34156 0
1821 240 0.34126 0
1822 240 0.35714 0
1823 240 0.34904 0
1824 246 0.34771 0
1825 239 0.37256 0
1826 250 0.37351 0
1827 332 0.37988 0
1828 351 0.39094 0
1829 256 0.34969 0
1830 250 0.35510 0
1831 319 0.37800 0
1832 319 0.35613 0
1833 319 0.35529 0
1834 920 0.37420 0
1835 247 0.36408 0
1836 920 0.37372 0
1837 333 0.39529 0
1838 917 0.38465 0
1839 917 0.37208 0
1840 1316 0.34826 0
1841 917 0.34757 0
1842 1314 0.31667 0
1843 333 0.31286 0
1844 920 0.31729 0
1845 920 0.34878 0
1846 1316 0.34043 0
1847 493 0.29968 0
1848 1317 0.31364 0
1849 914 0.36030 0
1850 245 0.30272 0
1851 800 0.31755 0
1852 1324 0.29807 0
1853 800 0.30043 0
1854 245 0.28840 0
1855 249 0.28110 0
1856 250 0.25860 0
1857 250 0.29048 0
1858 250 0.30410 0
1859 250 0.27986 0
1860 250 0.27116 0
1861 316 0.28474 0
1862 319 0.31777 0
1863 319 0.27556 0
1864 319 0.28872 0
1865 319 0.31388 0
1866 920 0.32575 0
1867 322 0.31067 0
1868 1480 0.33089 0
1869 323 0.34448 0
1870 1492 0.34514 0
1871 1471 0.33166 0
1872 164 0.33093 0
1873 1475 0.33518 0
1874 1475 0.33884 0
1875 1475 0.32842 0
1876 331 0.29729 0
1877 274 0.27974 0
1878 274 0.28281 0
1879 256 0.31445 0
1880 319 0.31443 0
1881 256 0.34284 0
1882 1313 0.30952 0
1883 262 0.29091 0
1884 262 0.32868 0
1885 262 0.34151 0
1886 265 0.31412 0
1887 1303 0.31813 0
1888 265 0.36157 0
1889 322 0.37810 0
1890 932 0.37249 0
1891 975 0.36182 0
1892 976 0.37521 0
1893 175 0.39337 0
1894 804 0.33273 0
1895 804 0.31763 0
1896 803 0.31515 0
1897 920 0.32300 0
1898 920 0.32420 0
1899 920 0.32626 0
1900 920 0.33126 0
1901 937 0.34930 0
1902 918 0.33783 0
1903 928 0.31575 0
1904 918 0.33794 0
1905 920 0.34104 0
1906 920 0.34606 0
1907 1309 0.37376 0
1908 922 0.35487 0
1909 922 0.34112 0
1910 1313 0.37054 0
1911 1313 0.37437 0
1912 1313 0.37356 0
1913 1313 0.39686 0
1914 1313 0.40073 0
1915 1313 0.37878 0
1916 941 0.39010 0
1917 915 0.39077 0
1918 912 0.39827 0
1919 1325 0.39189 0
1920 799 0.37126 0
1921 1330 0.36768 0
1922 910 0.41692 0
1923 909 0.39712 0
1924 912 0.42205 0
1925 911 0.43357 0
1926 1293 0.40503 0
1927 910 0.41182 0
1928 228 0.39647 0
1929 1332 0.41597 0
1930 1330 0.33815 0
1931 967 0.31402 0
1932 967 0.31147 0
1933 967 0.28272 0
1934 967 0.29845 0
1935 967 0.25937 0
1936 967 0.28161 0
1937 964 0.33554 0
1938 963 0.34746 0
1939 964 0.33398 0
1940 963 0.32184 0
1941 964 0.31095 0
1942 964 0.30007 0
1943 963 0.31750 0
1944 963 0.33813 0
1945 1338 0.39882 0
1946 1336 0.40268 0
1947 1336 0.39178 0
1948 1336 0.40200 0
1949 1336 0.37697 0
1950 961 0.37605 0
1951 962 0.37774 0
1952 1338 0.38888 0
1953 1336 0.39694 0
1954 961 0.41738 0
1955 961 0.42246 0
1956 578 0.37645 0
1957 1389 0.42065 0
1958 578 0.42413 0
1959 421 0.40300 0
1960 97 0.43477 0
1961 97 0.42035 0
1962 97 0.40586 0
1963 98 0.38369 0
1964 97 0.38985 0
1965 97 0.38000 0
1966 97 0.39012 0
1967 1010 0.38767 0
1968 1010 0.35674 0
1969 1048 0.37168 0
1970 1011 0.36252 0
1971 1013 0.37545 0
1972 1013 0.38898 0
1973 1013 0.37641 0
1974 1013 0.37433 0
1975 1351 0.44127 0
1976 941 0.37073 0
1977 692 0.26382 0
1978 806 0.36901 0
1979 616 0.36315 0
1980 637 0.38466 0
1981 88 0.43197 0
1982 616 0.38375 0
1983 613 0.41189 0
1984 613 0.37177 0
1985 44 0.38699 0
1986 44 0.37835 0
1987 44 0.36772 0
1988 78 0.35460 0
1989 44 0.36833 0
1990 44 0.36132 0
1991 1030 0.36309 0
1992 1325 0.34595 0
1993 1325 0.33303 0
1994 1325 0.33388 0
1995 1323 0.33371 0
1996 1316 0.35715 0
1997 918 0.37020 0
1998 915 0.36234 0
1999 935 0.37093 0
2000 918 0.36083 0
2001 918 0.33754 0
2002 922 0.39467 0
2003 1013 0.36768 0
2004 921 0.37575 0
2005 1009 0.30652 0
2006 921 0.33441 0
2007 1009 0.37366 0
2008 1009 0.38479 0
2009 1013 0.39389 0
2010 1009 0.36553 0
2011 1009 0.35857 0
2012 1009 0.33511 0
2013 1009 0.34079 0
2014 1009 0.30240 0
2015 1010 0.30893 0
2016 1011 0.33660 0
2017 920 0.37129 0
2018 920 0.38515 0
2019 997 0.37030 0
2020 970 0.35538 0
2021 970 0.35354 0
2022 970 0.34684 0
2023 970 0.36385 0
2024 968 0.38054 0
2025 940 0.41749 0
2026 1650 0.42301 0
2027 941 0.40289 0
2028 942 0.44011 0
2029 1044 0.39011 0
2030 1044 0.39842 0
2031 1051 0.37548 0
2032 1052 0.35971 0
2033 941 0.45386 0
2034 1048 0.37708 0
2035 1046 0.36591 0
2036 1028 0.40403 0
2037 1046 0.34103 0
2038 1046 0.32467 0
2039 936 0.37081 0
2040 1008 0.35316 0
2041 938 0.36792 0
2042 669 0.31118 0
2043 939 0.37724 0
2044 904 0.37271 0
2045 926 0.38902 0
2046 902 0.36628 0
2047 902 0.36014 0
2048 921 0.34836 0
2049 1467 0.35461 0
2050 975 0.38046 0
2051 1317 0.36488 0
2052 972 0.35501 0
2053 937 0.36721 0
2054 972 0.36890 0
2055 970 0.36375 0
2056 918 0.35027 0
2057 918 0.34475 0
2058 918 0.34115 0
2059 918 0.32247 0
2060 918 0.29077 0
2061 918 0.29297 0
2062 921 0.30434 0
2063 921 0.31394 0
2064 926 0.30289 0
2065 926 0.29975 0
2066 926 0.31068 0
2067 928 0.32133 0
2068 929 0.32009 0
2069 926 0.32360 0
2070 926 0.33870 0
2071 926 0.34928 0
2072 927 0.35860 0
2073 1676 0.35489 0
2074 922 0.35335 0
2075 927 0.39187 0
2076 922 0.38440 0
2077 1306 0.39451 0
2078 1309 0.42404 0
2079 1309 0.40479 0
2080 914 0.37095 0
2081 1309 0.38263 0
2082 937 0.38752 0
2083 914 0.37944 0
2084 1306 0.38860 0
2085 912 0.39320 0
2086 1313 0.38030 0
2087 975 0.39789 0
2088 975 0.39162 0
2089 912 0.39652 0
2090 912 0.38348 0
2091 943 0.42795 0
2092 812 0.50095 0
2093 940 0.48618 0
2094 944 0.51144 0
2095 944 0.46915 0
2096 1278 0.46445 0
2097 1280 0.43753 0
2098 1280 0.44536 0
2099 1278 0.43329 0
2100 1278 0.42047 0
2101 1278 0.42579 0
2102 1278 0.44144 0
2103 1278 0.43988 0
2104 1278 0.43796 0
2105 1278 0.44476 0
2106 426 0.44900 0
2107 427 0.44751 0
2108 428 0.43553 0
2109 428 0.41990 0
2110 428 0.43751 0
2111 428 0.45078 0
2112 428 0.45809 0
2113 421 0.43155 0
2114 421 0.42374 0
2115 421 0.41069 0
2116 421 0.41132 0
2117 428 0.43505 0
2118 421 0.40571 0
2119 1011 0.45574 0
2120 1122 0.47049 0
2121 428 0.43232 0
2122 1122 0.44310 0
2123 426 0.41509 0
2124 1124 0.44292 0
2125 426 0.41587 0
2126 428 0.45213 0
2127 434 0.42042 0
2128 958 0.44341 0
2129 958 0.44611 0
2130 958 0.44018 0
2131 1278 0.43980 0
2132 963 0.41700 0
2133 963 0.41657 0
2134 964 0.40085 0
2135 963 0.43040 0
2136 963 0.43209 0
2137 520 0.42652 0
2138 1329 0.41657 0
2139 81 0.39283 0
2140 513 0.43497 0
2141 1593 0.43618 0
2142 1592 0.44685 0
2143 348 0.39206 0
2144 248 0.38048 0
2145 776 0.31415 0
2146 776 0.34025 0
2147 776 0.36627 0
2148 245 0.38523 0
2149 810 0.43978 0
2150 1484 0.39285 0
2151 1488 0.35031 0
2152 495 0.42941 0
2153 1313 0.40741 0
2154 917 0.33785 0
2155 917 0.36155 0
2156 914 0.36008 0
2157 669 0.32252 0
2158 669 0.34386 0
2159 669 0.33490 0
2160 1010 0.34196 0
2161 1010 0.32690 0
2162 692 0.37842 0
2163 799 0.38290 0
2164 932 0.43486 0
2165 932 0.42195 0
2166 1004 0.37573 0
2167 1006 0.38520 0
2168 1003 0.34782 0
2169 1003 0.37279 0
2170 1003 0.39369 0
2171 1511 0.28818 0
2172 1614 0.35554 0
2173 1006 0.34917 0
2174 1478 0.27560 0
2175 1478 0.26933 0
2176 1474 0.28335 0
2177 889 0.40741 0
2178 1473 0.28344 0
2179 1472 0.27366 0
2180 1473 0.28239 0
2181 1473 0.30473 0
2182 985 0.41861 0
2183 263 0.46226 0
2184 265 0.40503 0
2185 1477 0.26618 0
2186 1477 0.27514 0
2187 1474 0.30001 0
2188 1474 0.30246 0
2189 321 0.34163 0
2190 296 0.35028 0
2191 1879 0.36058 0
2192 1666 0.35059 0
2193 1661 0.34865 0
2194 1666 0.35683 0
2195 970 0.36529 0
2196 970 0.38404 0
2197 1855 0.30553 0
2198 936 0.34899 0
2199 932 0.35777 0
2200 932 0.35606 0
2201 929 0.35772 0
2202 1796 0.35782 0
2203 918 0.36039 0
2204 918 0.35880 0
2205 1787 0.34881 0
2206 1781 0.34163 0
2207 1781 0.34796 0
2208 921 0.35950 0
2209 920 0.35812 0
2210 921 0.38301 0
2211 921 0.38375 0
2212 919 0.35330 0
2213 919 0.33396 0
2214 917 0.36827 0
2215 1864 0.36670 0
2216 490 0.35419 0
2217 490 0.31830 0
2218 489 0.32930 0
2219 1859 0.34842 0
2220 1579 0.32971 0
2221 1580 0.33087 0
2222 138 0.30253 0
2223 138 0.28546 0
2224 1583 0.27914 0
2225 137 0.27234 0
2226 137 0.28139 0
2227 520 0.28042 0
2228 521 0.27771 0
2229 521 0.29284 0
2230 1369 0.30657 0
2231 1368 0.30604 0
2232 130 0.26533 0
2233 130 0.25404 0
2234 129 0.26999 0
2235 545 0.33630 0
2236 126 0.26291 0
2237 127 0.24952 0
2238 126 0.29786 0
2239 125 0.31270 0
2240 1706 0.31582 0
2241 1420 0.36499 0
2242 1706 0.32922 0
2243 1726 0.35870 0
2244 1419 0.36051 0
2245 1384 0.30948 0
2246 1419 0.32397 0
2247 1417 0.29856 0
2248 1417 0.30454 0
2249 1417 0.30991 0
2250 1386 0.29184 0
2251 1390 0.29330 0
2252 1417 0.31741 0
2253 1391 0.28194 0
2254 1417 0.31693 0
2255 583 0.32884 0
2256 583 0.32004 0
2257 1402 0.32075 0
2258 1710 0.26610 0
2259 1402 0.30091 0
2260 1402 0.31331 0
2261 1402 0.31830 0
2262 1410 0.33152 0
2263 1410 0.31330 0
2264 1411 0.32351 0
2265 1719 0.28916 0
2266 1719 0.28415 0
2267 1718 0.29978 0
2268 1718 0.23892 0
2269 1719 0.25492 0
2270 1720 0.25084 0
2271 1721 0.25769 0
2272 1722 0.28081 0
2273 1723 0.27067 0
2274 1723 0.26053 0
2275 1723 0.28454 0
2276 1723 0.31281 0
2277 597 0.33796 0
2278 596 0.34271 0
2279 598 0.30697 0
2280 569 0.32227 0
2281 554 0.33800 0
2282 543 0.33333 0
2283 554 0.37795 0
2284 608 0.35425 0
2285 608 0.32238 0
2286 608 0.30918 0
2287 608 0.29543 0
2288 608 0.27442 0
2289 608 0.29156 0
2290 614 0.29494 0
2291 613 0.30640 0
2292 613 0.31372 0
2293 613 0.34467 0
2294 614 0.36322 0
2295 1475 0.36185 0
2296 669 0.32829 0
2297 669 0.32438 0
2298 1509 0.37891 0
2299 698 0.39897 0
2300 701 0.41621 0
2301 702 0.37013 0
2302 702 0.38327 0
2303 702 0.40082 0
2304 702 0.37931 0
2305 703 0.38237 0
2306 62 0.35606 0
2307 60 0.34556 0
2308 60 0.36118 0
2309 62 0.34863 0
2310 1448 0.39674 0
2311 2006 0.40418 0
2312 2004 0.36522 0
2313 2007 0.40409 0
2314 1053 0.44606 0
2315 1334 0.38562 0
2316 1053 0.43355 0
2317 1448 0.44708 0
2318 1301 0.41571 0
2319 1300 0.39960 0
2320 963 0.45744 0
2321 1056 0.40488 0
2322 1056 0.38512 0
2323 1056 0.39267 0
2324 1056 0.39414 0
2325 1056 0.37530 0
2326 1056 0.38731 0
2327 1056 0.38637 0
2328 1057 0.40872 0
2329 1057 0.42251 0
2330 1056 0.42634 0
2331 1056 0.42964 0
2332 1056 0.42675 0
2333 1056 0.43521 0
2334 1056 0.45085 0
2335 1147 0.41546 0
2336 1056 0.44627 0
2337 1147 0.43684 0
2338 1148 0.42865 0
2339 1056 0.42027 0
2340 1147 0.42018 0
2341 1059 0.45889 0
2342 1057 0.45184 0
2343 1059 0.47404 0
2344 1057 0.44857 0
2345 1057 0.45212 0
2346 1056 0.42587 0
2347 1056 0.43491 0
2348 1143 0.43590 0
2349 1147 0.44011 0
2350 1146 0.42216 0
2351 1176 0.42933 0
2352 1057 0.43306 0
2353 1057 0.43812 0
2354 434 0.45518 0
2355 1176 0.40862 0
2356 1176 0.41723 0
2357 1148 0.44204 0
2358 1114 0.45904 0
2359 1110 0.43090 0
2360 1111 0.44599 0
2361 1111 0.43610 0
2362 1114 0.44434 0
2363 1114 0.45917 0
2364 1118 0.49441 0
2365 1107 0.44123 0
2366 1092 0.43783 0
2367 430 0.44829 0
2368 430 0.45058 0
2369 430 0.46576 0
2370 1110 0.46423 0
2371 1115 0.47144 0
2372 431 0.50452 0
2373 1109 0.42808 0
2374 1109 0.43425 0
2375 1282 0.50210 0
2376 1282 0.50799 0
2377 1282 0.51536 0
2378 2030 0.42366 0
2379 2037 0.37018 0
2380 1028 0.43971 0
2381 2037 0.40470 0
2382 935 0.32706 0
2383 934 0.32870 0
2384 934 0.31880 0
2385 934 0.34325 0
2386 934 0.35827 0
2387 934 0.35852 0
2388 1890 0.37086 0
2389 1003 0.39130 0
2390 1891 0.37325 0
2391 1676 0.34224 0
2392 1676 0.30236 0
2393 1892 0.38293 0
2394 1882 0.36357 0
2395 1892 0.37368 0
2396 1880 0.39400 0
2397 472 0.38604 0
2398 1880 0.39068 0
2399 1888 0.34374 0
2400 1888 0.34463 0
2401 1888 0.35502 0
2402 1882 0.36062 0
2403 1892 0.37220 0
2404 1891 0.36145 0
2405 1798 0.36718 0
2406 1798 0.35966 0
2407 1886 0.37421 0
2408 1892 0.37956 0
2409 1892 0.39293 0
2410 924 0.37206 0
2411 1886 0.39270 0
2412 1795 0.39008 0
2413 1886 0.41517 0
2414 1868 0.41981 0
2415 1787 0.41078 0
2416 937 0.41925 0
2417 937 0.40903 0
2418 937 0.41943 0
2419 937 0.41113 0
2420 2026 0.41082 0
2421 1800 0.44449 0
2422 1799 0.40787 0
2423 941 0.42493 0
2424 2034 0.45991 0
2425 2030 0.45554 0
2426 2002 0.50595 0
2427 2031 0.45731 0
2428 2034 0.47762 0
2429 2030 0.46913 0
2430 208 0.38780 0
2431 952 0.43183 0
2432 960 0.46534 0
2433 208 0.36014 0
2434 208 0.39649 0
2435 386 0.44218 1
2436 386 0.43472 1
2437 383 0.41096 1
2438 386 0.39248 1
2439 419 0.48990 0
2440 390 0.33944 1
2441 390 0.27384 1
2442 389 0.23469 1
2443 390 0.17874 1
2444 390 0.15710 1
2445 392 0.14571 1
2446 392 0.12309 1
2447 394 0.15534 1
2448 395 0.11413 1
2449 395 0.16464 1
2450 397 0.10226 1
2451 398 0.09896 1
2452 399 0.17392 1
2453 400 0.20540 1
2454 401 0.18325 1
2455 402 0.14154 1
2456 403 0.11570 1
2457 405 0.09373 1
2458 405 0.14582 1
2459 409 0.15724 1
2460 410 0.11330 1
2461 410 0.09130 1
2462 413 0.12435 1
2463 414 0.13315 1
2464 416 0.15829 1
2465 416 0.22451 1
2466 416 0.33479 1
2467 416 0.34897 1
2468 462 0.43628 0
2469 1499 0.41616 0
2470 1006 0.41399 0
2471 628 0.43963 0
2472 628 0.42897 0
2473 626 0.42954 0
2474 624 0.41689 0
2475 624 0.42233 0
2476 97 0.35623 0
2477 1025 0.42777 0
2478 961 0.37122 0
2479 962 0.36768 0
2480 2128 0.37209 0
2481 2128 0.35378 0
2482 1938 0.36582 0
2483 407 0.34860 0
2484 407 0.37870 0
2485 903 0.37691 0
2486 903 0.37909 0
2487 1968 0.37096 0
2488 903 0.37040 0
2489 1938 0.41178 0
2490 2025 0.38103 0
2491 941 0.38398 0
2492 1968 0.37642 0
2493 2025 0.42276 0
2494 2025 0.41524 0
2495 390 0.34648 0
2496 390 0.36109 0
2497 1019 0.34233 0
2498 1021 0.34644 0
2499 2038 0.34604 0
2500 2028 0.37587 0
2501 1975 0.34199 0
2502 1345 0.40529 0
2503 2031 0.37394 0
2504 2033 0.35178 0
2505 2033 0.34910 0
2506 2033 0.35140 0
2507 2037 0.36214 0
2508 2037 0.35197 0
2509 2037 0.33739 0
2510 1977 0.36600 0
2511 170 0.41533 0
2512 934 0.36867 0
2513 1614 0.41682 0
2514 807 0.42799 0
2515 294 0.32396 0
2516 1010 0.32212 0
2517 294 0.31846 0
2518 2189 0.31773 0
2519 2188 0.35649 0
2520 396 0.37789 0
2521 262 0.35496 0
2522 467 0.38847 0
2523 985 0.36954 0
2524 886 0.33246 0
2525 985 0.35953 0
2526 472 0.39653 0
2527 669 0.34299 0
2528 669 0.31868 0
2529 669 0.32506 0
2530 278 0.35523 0
2531 807 0.35638 0
2532 257 0.34392 0
2533 1859 0.32142 0
2534 315 0.29610 0
2535 254 0.28645 0
2536 314 0.31419 0
2537 333 0.30015 0
2538 257 0.31580 0
2539 319 0.31560 0
2540 319 0.30016 0
2541 320 0.30566 0
2542 654 0.32203 0
2543 471 0.45331 0
2544 986 0.41937 0
2545 501 0.42691 0
2546 304 0.40232 0
2547 978 0.40039 0
2548 507 0.43129 0
2549 243 0.39841 0
2550 236 0.37610 0
2551 2219 0.36217 0
2552 1862 0.31817 0
2553 1595 0.32170 0
2554 645 0.31012 0
2555 643 0.29494 0
2556 643 0.28354 0
2557 641 0.30675 0
2558 686 0.33136 0
2559 339 0.29727 0
2560 803 0.30287 0
2561 343 0.30239 0
2562 366 0.29589 0
2563 687 0.31358 0
2564 660 0.31966 0
2565 799 0.34248 0
2566 897 0.35335 0
2567 920 0.37015 0
2568 669 0.40226 0
2569 2210 0.42070 0
2570 302 0.39033 0
2571 1909 0.30992 0
2572 501 0.37482 0
2573 1909 0.32146 0
2574 1909 0.33918 0
2575 1902 0.35024 0
2576 928 0.32202 0
2577 927 0.35675 0
2578 1462 0.36311 0
2579 1467 0.36012 0
2580 975 0.41096 0
2581 669 0.40018 0
2582 2219 0.37287 0
2583 2219 0.38136 0
2584 2219 0.38269 0
2585 2219 0.39449 0
2586 808 0.43119 0
2587 1333 0.36640 0
2588 686 0.43070 0
2589 1359 0.36433 0
2590 1333 0.38109 0
2591 2289 0.34111 0
2592 86 0.37787 0
2593 2288 0.32159 0
2594 2286 0.29046 0
2595 2286 0.30167 0
2596 2286 0.29335 0
2597 873 0.35602 0
2598 87 0.39177 0
2599 407 0.37049 0
2600 718 0.43039 0
2601 727 0.50328 0
2602 90 0.47442 0
2603 95 0.42246 0
2604 2243 0.31186 0
2605 1710 0.36750 0
2606 1393 0.37935 0
2607 589 0.35495 0
2608 2275 0.31589 0
2609 854 0.30534 0
2610 589 0.28654 0
2611 589 0.31055 0
2612 585 0.31985 0
2613 585 0.35980 0
2614 585 0.39526 0
2615 857 0.31980 0
2616 583 0.37844 0
2617 583 0.33832 0
2618 1396 0.36726 0
2619 591 0.49096 0
2620 1726 0.43888 0
2621 1027 0.44929 0
2622 570 0.36306 0
2623 545 0.35970 0
2624 1573 0.29030 0
2625 87 0.32676 0
2626 82 0.34259 0
2627 83 0.33385 0
2628 771 0.31498 0
2629 770 0.27247 0
2630 244 0.32625 0
2631 1598 0.32066 0
2632 1598 0.28793 0
2633 153 0.32838 0
2634 150 0.31552 0
2635 648 0.25339 0
2636 648 0.25599 0
2637 648 0.27261 0
2638 150 0.35167 0
2639 1467 0.34216 0
2640 1471 0.35291 0
2641 785 0.33599 0
2642 1471 0.35587 0
2643 670 0.29094 0
2644 684 0.33786 0
2645 333 0.31095 0
2646 333 0.31432 0
2647 332 0.26335 0
2648 333 0.23863 0
2649 334 0.23437 0
2650 333 0.25254 0
2651 334 0.26807 0
2652 800 0.27350 0
2653 791 0.24950 0
2654 792 0.25243 0
2655 670 0.32464 0
2656 670 0.32246 0
2657 794 0.30605 0
2658 926 0.34393 0
2659 926 0.34625 0
2660 984 0.33848 0
2661 669 0.34241 0
2662 669 0.32512 0
2663 669 0.34518 0
2664 669 0.34883 0
2665 669 0.34633 0
2666 669 0.36018 0
2667 914 0.37925 0
2668 259 0.39539 0
2669 2038 0.38679 0
2670 2218 0.37786 0
2671 2218 0.36213 0
2672 805 0.33406 0
2673 2218 0.33133 0
2674 2218 0.36254 0
2675 248 0.32309 0
2676 874 0.32630 0
2677 807 0.34235 0
2678 875 0.32999 0
2679 875 0.33534 0
2680 874 0.34000 0
2681 837 0.33067 0
2682 875 0.31582 0
2683 875 0.32226 0
2684 875 0.34287 0
2685 875 0.32170 0
2686 875 0.32774 0
2687 875 0.30642 0
2688 875 0.30025 0
2689 875 0.33484 0
2690 877 0.29698 0
2691 875 0.33096 0
2692 373 0.37032 0
2693 879 0.35267 0
2694 375 0.31559 0
2695 374 0.29292 0
2696 375 0.28285 0
2697 376 0.29541 0
2698 709 0.42529 0
2699 392 0.38748 0
2700 392 0.41024 0
2701 392 0.43680 0
2702 1039 0.39729 0
2703 1443 0.39333 0
2704 1639 0.37162 0
2705 462 0.39207 0
2706 1638 0.43325 0
2707 1639 0.37718 0
2708 1640 0.40935 0
2709 2175 0.50635 0
2710 2023 0.43147 0
2711 208 0.40183 0
2712 2008 0.44092 0
2713 213 0.41753 0
2714 2021 0.48261 0
2715 261 0.44095 0
2716 261 0.43728 0
2717 944 0.49015 0
2718 277 0.47326 0
2719 964 0.40595 0
2720 258 0.38464 0
2721 1893 0.49062 0
2722 185 0.38399 0
2723 185 0.38309 0
2724 1763 0.37890 0
2725 1764 0.33404 0
2726 1763 0.32800 0
2727 136 0.34503 0
2728 1763 0.29084 0
2729 136 0.33038 0
2730 1625 0.35934 0
2731 136 0.36154 0
2732 2220 0.37038 0
2733 2192 0.38216 0
2734 2192 0.39934 0
2735 2191 0.38936 0
2736 1993 0.43028 0
2737 1919 0.39270 0
2738 1883 0.44673 0
2739 812 0.41517 0
2740 1305 0.35227 0
2741 914 0.42512 0
2742 1883 0.42110 0
2743 914 0.43475 0
2744 914 0.45775 0
2745 914 0.45016 0
2746 2077 0.39061 0
2747 913 0.46401 0
2748 296 0.45047 0
2749 472 0.47297 0
2750 472 0.47343 0
2751 472 0.47971 0
2752 993 0.47212 0
2753 994 0.46702 0
2754 695 0.48586 0
2755 295 0.47464 0
2756 296 0.48946 0
2757 222 0.47308 0
2758 225 0.44294 0
2759 805 0.39372 0
2760 1893 0.43334 0
2761 1896 0.34021 0
2762 232 0.42264 0
2763 1895 0.29567 0
2764 1807 0.35909 0
2765 1618 0.38615 0
2766 1897 0.38118 0
2767 1857 0.37628 0
2768 1858 0.31210 0
2769 1859 0.31599 0
2770 1863 0.29123 0
2771 1862 0.27420 0
2772 1862 0.27500 0
2773 1865 0.35073 0
2774 915 0.37099 0
2775 915 0.36765 0
2776 2158 0.33987 0
2777 1892 0.33319 0
2778 1891 0.31612 0
2779 1885 0.36930 0
2780 926 0.36889 0
2781 924 0.35036 0
2782 1783 0.36613 0
2783 1865 0.33680 0
2784 1865 0.34210 0
2785 1865 0.31214 0
2786 337 0.32791 0
2787 230 0.34476 0
2788 1854 0.35661 0
2789 1898 0.32580 0
2790 1900 0.32206 0
2791 1898 0.32928 0
2792 1896 0.33755 0
2793 1860 0.28792 0
2794 1860 0.28270 0
2795 1860 0.24914 0
2796 1855 0.26911 0
2797 1860 0.25724 0
2798 1660 0.33067 0
2799 1772 0.33893 0
2800 1848 0.30960 0
2801 1843 0.31216 0
2802 1845 0.32776 0
2803 1850 0.37041 0
2804 1822 0.31371 0
2805 1821 0.30246 0
2806 1820 0.26911 0
2807 1820 0.28529 0
2808 1818 0.27875 0
2809 1818 0.28265 0
2810 1818 0.29422 0
2811 1865 0.28698 0
2812 1865 0.28640 0
2813 1897 0.32228 0
2814 252 0.33299 0
2815 1860 0.30614 0
2816 251 0.30206 0
2817 1860 0.28415 0
2818 251 0.29958 0
2819 252 0.32770 0
2820 249 0.32835 0
2821 252 0.33793 0
2822 250 0.34971 0
2823 252 0.32679 0
2824 252 0.34862 0
2825 1601 0.37421 0
2826 1826 0.34495 0
2827 242 0.38351 0
2828 245 0.36149 0
2829 239 0.38686 0
2830 239 0.39393 0
2831 239 0.37648 0
2832 239 0.37886 0
2833 239 0.37648 0
2834 239 0.36692 0
2835 238 0.37968 0
2836 239 0.39330 0
2837 241 0.38617 0
2838 1587 0.39346 0
2839 1586 0.41742 0
2840 141 0.42008 0
2841 1769 0.36747 0
2842 1767 0.38094 0
2843 1766 0.40472 0
2844 520 0.35464 0
2845 1586 0.33817 0
2846 522 0.36170 0
2847 227 0.40422 0
2848 1761 0.37981 0
2849 526 0.34804 0
2850 1939 0.36747 0
2851 526 0.31491 0
2852 526 0.30591 0
2853 1939 0.31997 0
2854 1939 0.30745 0
2855 1941 0.32696 0
2856 1940 0.32510 0
2857 1940 0.34147 0
2858 842 0.41221 0
2859 841 0.41949 0
2860 842 0.39908 0
2861 441 0.50985 0
2862 1706 0.36409 0
2863 1705 0.43390 0
2864 720 0.56540 0
2865 2510 0.52895 0
2866 376 0.56336 0
2867 2484 0.48988 0
2868 416 0.47356 0
2869 416 0.46302 0
2870 416 0.46448 0
2871 416 0.42934 0
2872 893 0.46319 0
2873 378 0.50281 0
2874 416 0.41976 0
2875 416 0.39099 0
2876 416 0.36398 0
2877 416 0.35102 0
2878 416 0.34898 0
2879 416 0.34701 0
2880 416 0.32412 0
2881 416 0.33552 0
2882 416 0.32870 0
2883 416 0.33881 0
2884 2491 0.29731 0
2885 2491 0.31197 0
2886 2509 0.32385 0
2887 2513 0.31149 0
2888 2510 0.30924 0
2889 2507 0.28726 0
2890 2507 0.27907 0
2891 2507 0.27234 0
2892 2507 0.26483 0
2893 2507 0.25473 0
2894 2517 0.29867 0
2895 2517 0.30733 0
2896 964 0.35883 0
2897 1003 0.28967 0
2898 1002 0.33479 0
2899 1002 0.33110 0
2900 2012 0.36753 0
2901 2504 0.29836 0
2902 2504 0.29750 0
2903 2431 0.42009 0
2904 2006 0.35619 0
2905 2012 0.37689 0
2906 2010 0.46229 0
2907 2005 0.33319 0
2908 2206 0.33727 0
2909 2005 0.35418 0
2910 2208 0.34025 0
2911 2207 0.32714 0
2912 2203 0.31763 0
2913 2202 0.31041 0
2914 2201 0.34849 0
2915 2203 0.33403 0
2916 2203 0.33109 0
2917 2062 0.34078 0
2918 793 0.27767 0
2919 669 0.22838 0
2920 669 0.25041 0
2921 669 0.24361 0
2922 669 0.25526 0
2923 2213 0.35191 0
2924 2212 0.35899 0
2925 913 0.36149 0
2926 913 0.35803 0
2927 913 0.35625 0
2928 913 0.35260 0
2929 913 0.35106 0
2930 259 0.35727 0
2931 913 0.37848 0
2932 1978 0.33533 0
2933 2491 0.31198 0
2934 1978 0.32184 0
2935 2491 0.32829 0
2936 2491 0.33572 0
2937 2491 0.31349 0
2938 2490 0.34094 0
2939 2490 0.35735 0
2940 2490 0.38277 0
2941 2011 0.38946 0
2942 1968 0.36639 0
2943 896 0.40707 0
2944 2007 0.42557 0
2945 2006 0.40284 0
2946 2005 0.37780 0
2947 2005 0.39559 0
2948 1343 0.37123 0
2949 2007 0.42593 0
2950 2002 0.42889 0
2951 2011 0.47772 0
2952 1341 0.42770 0
2953 1337 0.34420 0
2954 218 0.43408 0
2955 220 0.41688 0
2956 1334 0.34409 0
2957 603 0.40599 0
2958 637 0.41215 0
2959 842 0.39748 0
2960 84 0.41241 0
2961 81 0.43043 0
2962 771 0.43352 0
2963 83 0.42776 0
2964 612 0.41206 0
2965 612 0.42131 0
2966 79 0.40775 0
2967 829 0.39658 0
2968 827 0.40111 0
2969 825 0.38905 0
2970 825 0.38390 0
2971 825 0.42023 0
2972 825 0.42956 0
2973 825 0.41593 0
2974 822 0.42552 0
2975 2448 0.51398 0
2976 389 0.54429 0
2977 1389 0.59458 0
2978 384 0.49081 0
2979 2618 0.47964 0
2980 1726 0.47554 0
2981 2252 0.47536 0
2982 2253 0.46380 0
2983 2253 0.46977 0
2984 2253 0.45354 0
2985 1144 0.49609 0
2986 1144 0.51038 0
2987 1079 0.45632 0
2988 1079 0.46211 0
2989 1081 0.47199 0
2990 1081 0.45291 0
2991 1082 0.47279 0
2992 1077 0.49483 0
2993 1076 0.50146 0
2994 1158 0.48259 0
2995 1158 0.48256 0
2996 1144 0.51437 0
2997 1158 0.46440 0
2998 1152 0.52148 0
2999 1143 0.51771 0
3000 1413 0.50061 0
3001 1072 0.51914 0
3002 1074 0.50494 0
3003 2340 0.50244 0
3004 2340 0.47337 0
3005 2349 0.44975 0
3006 2345 0.47002 0
3007 2340 0.44899 0
3008 2345 0.45395 0
3009 2340 0.43958 0
3010 1422 0.44224 0
3011 1422 0.44729 0
3012 2332 0.43382 0
3013 2327 0.43955 0
3014 2327 0.41466 0
3015 2332 0.42302 0
3016 2305 0.43440 0
3017 2642 0.43943 0
3018 2301 0.41978 0
3019 2646 0.39930 0
3020 2646 0.38683 0
3021 2641 0.37328 0
3022 170 0.36919 0
3023 1667 0.30996 0
3024 156 0.32479 0
3025 1476 0.35127 0
3026 1670 0.36097 0
3027 1476 0.33282 0
3028 2067 0.26087 0
3029 333 0.26793 0
3030 332 0.28800 0
3031 333 0.27277 0
3032 337 0.26708 0
3033 337 0.27153 0
3034 339 0.23930 0
3035 2559 0.21881 0
3036 2630 0.24676 0
3037 339 0.24063 0
3038 337 0.25473 0
3039 781 0.23858 0
3040 783 0.23178 0
3041 337 0.22113 0
3042 341 0.23744 0
3043 789 0.22319 0
3044 786 0.23610 0
3045 786 0.22720 0
3046 789 0.22600 0
3047 786 0.24305 0
3048 786 0.20006 0
3049 789 0.20794 0
3050 781 0.24194 0
3051 2652 0.20193 0
3052 2652 0.25855 0
3053 2652 0.27554 0
3054 333 0.26837 0
3055 250 0.27908 0
3056 1859 0.30477 0
3057 1860 0.25911 0
3058 1860 0.25188 0
3059 252 0.23578 0
3060 2653 0.24469 0
3061 340 0.25014 0
3062 339 0.26206 0
3063 339 0.26882 0
3064 347 0.28305 0
3065 656 0.31608 0
3066 656 0.32605 0
3067 2655 0.32271 0
3068 347 0.35301 0
3069 154 0.36158 0
3070 2646 0.34588 0
3071 155 0.35461 0
3072 272 0.35676 0
3073 2558 0.32591 0
3074 233 0.33207 0
3075 2555 0.29306 0
3076 2555 0.31437 0
3077 2139 0.45855 0
3078 2551 0.29967 0
3079 2554 0.29093 0
3080 2554 0.28170 0
3081 2555 0.31170 0
3082 278 0.29769 0
3083 279 0.28979 0
3084 2555 0.34035 0
3085 258 0.33213 0
3086 243 0.32695 0
3087 173 0.41328 0
3088 942 0.45786 0
3089 942 0.45894 0
3090 970 0.41390 0
3091 2387 0.38343 0
3092 669 0.37142 0
3093 937 0.40521 0
3094 935 0.36226 0
3095 937 0.38324 0
3096 2569 0.38131 0
3097 2570 0.37692 0
3098 942 0.40578 0
3099 2011 0.46271 0
3100 1045 0.43357 0
3101 2012 0.43228 0
3102 2504 0.44564 0
3103 1045 0.44957 0
3104 2012 0.43152 0
3105 2433 0.45272 0
3106 2433 0.41530 0
3107 2433 0.42305 0
3108 2502 0.47007 0
3109 623 0.46943 0
3110 2503 0.47217 0
3111 416 0.49268 0
3112 946 0.47100 0
3113 1638 0.45998 0
3114 2701 0.51785 0
3115 1638 0.40710 0
3116 307 0.49050 0
3117 963 0.33909 0
3118 963 0.32464 0
3119 221 0.35565 0
3120 221 0.34530 0
3121 2722 0.41161 0
3122 2722 0.42467 0
3123 2722 0.43683 0
3124 2725 0.44897 0
3125 228 0.34025 0
3126 2728 0.33995 0
3127 2728 0.35208 0
3128 2728 0.43861 0
3129 2728 0.34108 0
3130 2728 0.31545 0
3131 2728 0.32624 0
3132 2728 0.31337 0
3133 2725 0.33986 0
3134 232 0.30304 0
3135 236 0.27845 0
3136 238 0.28203 0
3137 235 0.29499 0
3138 255 0.27375 0
3139 258 0.30316 0
3140 258 0.30687 0
3141 275 0.33089 0
3142 275 0.35764 0
3143 273 0.39758 0
3144 887 0.37104 0
3145 468 0.40293 0
3146 468 0.39833 0
3147 469 0.41134 0
3148 2506 0.39664 0
3149 2506 0.40395 0
3150 2507 0.38983 0
3151 2507 0.41011 0
3152 2509 0.37130 0
3153 2510 0.39079 0
3154 2670 0.34450 0
3155 799 0.32133 0
3156 1331 0.31708 0
3157 1761 0.29945 0
3158 1893 0.35807 0
3159 2558 0.27220 0
3160 2559 0.28126 0
3161 2559 0.25666 0
3162 2559 0.27820 0
3163 2632 0.28478 0
3164 2632 0.27849 0
3165 2632 0.30542 0
3166 2633 0.29201 0
3167 153 0.36681 0
3168 2632 0.35073 0
3169 2547 0.36187 0
3170 2547 0.35732 0
3171 2549 0.36793 0
3172 506 0.38902 0
3173 2525 0.34530 0
3174 2646 0.28163 0
3175 247 0.30649 0
3176 2648 0.26822 0
3177 2646 0.29491 0
3178 2648 0.30345 0
3179 2652 0.25750 0
3180 2652 0.27596 0
3181 2652 0.27912 0
3182 2647 0.31424 0
3183 1884 0.30044 0
3184 365 0.31906 0
3185 265 0.36063 0
3186 367 0.33269 0
3187 2660 0.33861 0
3188 2660 0.32641 0
3189 262 0.34266 0
3190 2660 0.36426 0
3191 2664 0.31688 0
3192 262 0.36843 0
3193 2549 0.35546 0
3194 2660 0.36446 0
3195 1888 0.29371 0
3196 367 0.23056 0
3197 368 0.22509 0
3198 803 0.38635 0
3199 282 0.33569 0
3200 2558 0.29172 0
3201 371 0.28035 0
3202 804 0.34582 0
3203 804 0.34798 0
3204 804 0.31415 0
3205 807 0.33458 0
3206 804 0.33677 0
3207 806 0.32418 0
3208 2511 0.33543 0
3209 2511 0.34095 0
3210 2511 0.36272 0
3211 987 0.41433 0
3212 988 0.39303 0
3213 988 0.40970 0
3214 987 0.37952 0
3215 390 0.35399 0
3216 1335 0.42486 0
3217 1041 0.41102 0
3218 2549 0.41351 0
3219 644 0.33632 0
3220 371 0.36640 0
3221 368 0.38465 0
3222 644 0.34441 0
3223 663 0.31069 0
3224 637 0.39621 0
3225 1329 0.35819 0
3226 637 0.36191 0
3227 637 0.34043 0
3228 2675 0.35304 0
3229 2675 0.35916 0
3230 2540 0.37004 0
3231 712 0.38938 0
3232 712 0.38059 0
3233 2543 0.36179 0
3234 709 0.42328 0
3235 2694 0.46415 0
3236 2546 0.40826 0
3237 2546 0.40295 0
3238 2547 0.38620 0
3239 2548 0.42371 0
3240 247 0.44526 0
3241 655 0.43238 0
3242 2147 0.45879 0
3243 2146 0.40352 0
3244 2145 0.38150 0
3245 2144 0.39863 0
3246 2142 0.43230 0
3247 2140 0.47154 0
3248 872 0.50598 0
3249 872 0.50529 0
3250 1700 0.53448 0
3251 2681 0.45657 0
3252 529 0.50677 0
3253 837 0.45049 0
3254 544 0.56707 0
3255 565 0.69459 0
3256 532 0.53221 0
3257 86 0.55884 0
3258 87 0.58535 0
3259 1286 0.53651 0
3260 2242 0.47843 0
3261 1284 0.49024 0
3262 1285 0.46975 0
3263 1287 0.49844 0
3264 1284 0.51100 0
3265 731 0.48996 0
3266 2481 0.45977 0
3267 1964 0.41838 0
3268 435 0.50833 0
3269 430 0.53698 0
3270 1148 0.52549 0
3271 2275 0.48321 0
3272 2276 0.46419 0
3273 2339 0.45783 0
3274 2339 0.45493 0
3275 2348 0.45188 0
3276 2345 0.41852 0
3277 2345 0.39615 0
3278 2345 0.38276 1
3279 2346 0.35444 1
3280 2346 0.36001 1
3281 2346 0.31550 1
3282 2346 0.26726 1
3283 2347 0.26328 1
3284 2346 0.25119 1
3285 2348 0.21007 1
3286 2347 0.20001 1
3287 2349 0.17829 1
3288 2350 0.21415 1
3289 2350 0.12826 1
3290 2351 0.15401 1
3291 2352 0.10083 1
3292 2353 0.14132 1
3293 2353 0.10978 1
3294 2354 0.09565 1
3295 2355 0.13617 1
3296 2355 0.08610 1
3297 2356 0.03987 1
3298 2357 0.08095 1
3299 2357 0.11610 1
3300 2359 0.14389 1
3301 2359 0.10206 1
3302 2360 0.09535 1
3303 2361 0.07365 1
3304 2361 0.06623 1
3305 2362 0.07176 1
3306 2363 0.05588 1
3307 2364 0.06661 1
3308 2365 0.07455 1
3309 2365 0.07976 1
3310 2366 0.06356 1
3311 2367 0.06987 1
3312 2368 0.05592 1
3313 2369 0.04734 1
3314 2370 0.05541 1
3315 2371 0.07498 1
3316 2372 0.05684 1
3317 2373 0.04864 1
3318 2374 0.07286 1
3319 2375 0.06908 1
3320 2376 0.06557 1
3321 2377 0.07353 1
3322 2378 0.05974 1
3323 2379 0.07017 1
3324 2380 0.08232 1
3325 2381 0.08143 1
3326 2382 0.05850 1
3327 2383 0.05084 1
3328 2384 0.05906 1
3329 2385 0.03815 1
3330 2386 0.06795 1
3331 2387 0.07392 1
3332 2388 0.05974 1
3333 2389 0.07536 1
3334 2390 0.07852 1
3335 2391 0.06032 1
3336 2392 0.06280 1
3337 2393 0.04832 1
3338 2394 0.05999 1
3339 2395 0.06888 1
3340 2396 0.06099 1
3341 2397 0.07826 1
3342 2398 0.06363 1
3343 2399 0.06850 1
3344 2400 0.05581 1
3345 2401 0.06618 1
3346 2402 0.06399 1
3347 2403 0.08695 1
3348 2404 0.07222 1
3349 2405 0.06739 1
3350 2406 0.07170 1
3351 2407 0.07964 1
3352 2408 0.09028 1
3353 2409 0.06968 1
3354 2410 0.10206 1
3355 2411 0.07892 1
3356 2412 0.06127 1
3357 2413 0.09735 1
3358 2414 0.08559 1
3359 2415 0.09257 1
3360 2416 0.10803 1
3361 2417 0.10428 1
3362 2418 0.08498 1
3363 2418 0.06298 1
3364 2419 0.06318 1
3365 2420 0.08890 1
3366 2420 0.11862 1
3367 2421 0.10967 1
3368 2422 0.11661 1
3369 2422 0.12717 1
3370 2424 0.11598 1
3371 2424 0.11145 1
3372 2425 0.10145 1
3373 2426 0.10349 1
3374 2426 0.10131 1
3375 2427 0.07192 1
3376 2428 0.07227 1
3377 2429 0.06301 1
3378 2430 0.04539 1
3379 2431 0.07938 1
3380 2432 0.10110 1
3381 2433 0.10058 1
3382 2433 0.08703 1
3383 2434 0.06413 1
3384 2435 0.04921 1
3385 2436 0.05904 1
3386 2437 0.09024 1
3387 2438 0.08979 1
3388 2439 0.08171 1
3389 2439 0.08616 1
3390 2440 0.09182 1
3391 2441 0.06006 1
3392 2442 0.05040 1
3393 2443 0.05967 1
3394 2444 0.08188 1
3395 2444 0.09461 1
3396 2445 0.07266 1
3397 2446 0.06998 1
3398 2447 0.07312 1
3399 2448 0.08151 1
3400 2448 0.07765 1
3401 2449 0.06330 1
3402 2450 0.07627 1
3403 2451 0.06811 1
3404 2451 0.10507 1
3405 2452 0.10182 1
3406 2453 0.11578 1
3407 2454 0.09512 1
3408 2454 0.07923 1
3409 2455 0.07239 1
3410 2456 0.08768 1
3411 2456 0.09363 1
3412 2457 0.09096 1
3413 406 0.11385 1
3414 407 0.09121 1
3415 408 0.12231 1
3416 2460 0.08457 1
3417 411 0.13579 1
3418 412 0.11794 1
3419 2462 0.12952 1
3420 414 0.12210 1
3421 415 0.10985 1
3422 416 0.08105 1
3423 417 0.11172 1
3424 418 0.07589 1
3425 419 0.09346 1
3426 420 0.10250 1
3427 423 0.12741 1
3428 422 0.11456 1
3429 425 0.11214 1
3430 425 0.11110 1
3431 426 0.07360 1
3432 427 0.09623 1
3433 430 0.07474 1
3434 429 0.08876 1
3435 432 0.10129 1
3436 433 0.10629 1
3437 433 0.08375 1
3438 434 0.06022 1
3439 435 0.06621 1
3440 436 0.10237 1
3441 437 0.08392 1
3442 438 0.09630 1
3443 440 0.06770 1
3444 441 0.06440 1
3445 442 0.05848 1
3446 443 0.06940 1
3447 444 0.04394 1
3448 445 0.02530 1
3449 446 0.02848 1
3450 447 0.03439 1
3451 448 0.03259 1
3452 449 0.03321 1
3453 450 0.04167 1
3454 451 0.04259 1
3455 452 0.03211 1
3456 453 0.03744 1
3457 454 0.04089 1
3458 455 0.04681 1
3459 456 0.04891 1
3460 457 0.04265 1
3461 458 0.04849 1
3462 459 0.03750 1
3463 460 0.04162 1
3464 461 0.04609 1
3465 462 0.05831 1
3466 463 0.06383 1
3467 465 0.07468 1
3468 466 0.07218 1
3469 467 0.05678 1
3470 468 0.03666 1
3471 469 0.03175 1
3472 470 0.05141 1
3473 472 0.06578 1
3474 473 0.03935 1
3475 474 0.02496 1
3476 475 0.04276 1
3477 477 0.04620 1
3478 478 0.03674 1
3479 479 0.03937 1
3480 480 0.03643 1
3481 482 0.03436 1
3482 483 0.02740 1
3483 484 0.03371 1
3484 486 0.04840 1
3485 487 0.03989 1
3486 488 0.04809 1
3487 489 0.07403 1
3488 491 0.05767 1
3489 492 0.04632 1
3490 493 0.05180 1
3491 495 0.04965 1
3492 496 0.02404 1
3493 497 0.04216 1
3494 498 0.07021 1
3495 500 0.04236 1
3496 501 0.04151 1
3497 502 0.04023 1
3498 504 0.06185 1
3499 505 0.05763 1
3500 506 0.05931 1
3501 508 0.04626 1
3502 509 0.02828 1
3503 510 0.03570 1
3504 512 0.04457 1
3505 513 0.03167 1
3506 514 0.03864 1
3507 515 0.06714 1
3508 517 0.04810 1
3509 518 0.06478 1
3510 519 0.07028 1
3511 522 0.09352 1
3512 522 0.08002 1
3513 524 0.07590 1
3514 524 0.07558 1
3515 526 0.09147 1
3516 526 0.11035 1
3517 529 0.10410 1
3518 530 0.09205 1
3519 531 0.07663 1
3520 533 0.08777 1
3521 533 0.07822 1
3522 536 0.06757 1
3523 541 0.05856 1
3524 543 0.05697 1
3525 563 0.05998 1
3526 565 0.07231 1
3527 567 0.09575 1
3528 568 0.09455 1
3529 570 0.07482 1
3530 571 0.07547 1
3531 572 0.07703 1
3532 573 0.08493 1
3533 574 0.08534 1
3534 574 0.07271 1
3535 572 0.09219 1
3536 576 0.06165 1
3537 574 0.06304 1
3538 575 0.06628 1
3539 576 0.06713 1
3540 577 0.08445 1
3541 578 0.08044 1
3542 581 0.08654 1
3543 582 0.08362 1
3544 583 0.06224 1
3545 584 0.06589 1
3546 585 0.05174 1
3547 586 0.08873 1
3548 587 0.05940 1
3549 588 0.05102 1
3550 589 0.05993 1
3551 590 0.04903 1
3552 591 0.08534 1
3553 593 0.09676 1
3554 594 0.10920 1
3555 595 0.06100 1
3556 596 0.02785 1
3557 597 0.02960 1
3558 598 0.04888 1
3559 599 0.07591 1
3560 601 0.05298 1
3561 602 0.06041 1
3562 603 0.03728 1
3563 604 0.04845 1
3564 605 0.04652 1
3565 606 0.02791 1
3566 607 0.02722 1
3567 608 0.03191 1
3568 610 0.04112 1
3569 611 0.04438 1
3570 612 0.03554 1
3571 613 0.01320 1
3572 614 0.01870 1
3573 615 0.02079 1
3574 616 0.06342 1
3575 618 0.05930 1
3576 618 0.07969 1
3577 620 0.04106 1
3578 621 0.04624 1
3579 622 0.05272 1
3580 624 0.08531 1
3581 625 0.05503 1
3582 626 0.06968 1
3583 627 0.04487 1
3584 628 0.05285 1
3585 630 0.08637 1
3586 630 0.09714 1
3587 632 0.06977 1
3588 633 0.06404 1
3589 634 0.06592 1
3590 635 0.06414 1
3591 636 0.05852 1
3592 638 0.07233 1
3593 639 0.05378 1
3594 640 0.03391 1
3595 641 0.03056 1
3596 642 0.02772 1
3597 643 0.03714 1
3598 645 0.05429 1
3599 646 0.02656 1
3600 647 0.02826 1
3601 648 0.02605 1
3602 649 0.05337 1
3603 651 0.11036 1
3604 652 0.03245 1
3605 653 0.05320 1
3606 654 0.05633 1
3607 656 0.08761 1
3608 657 0.06125 1
3609 658 0.03912 1
3610 659 0.03551 1
3611 660 0.05807 1
3612 662 0.06022 1
3613 663 0.03535 1
3614 664 0.03645 1
3615 665 0.06775 1
3616 667 0.05411 1
3617 668 0.02496 1
3618 669 0.02608 1
3619 670 0.04695 1
3620 672 0.06233 1
3621 673 0.04244 1
3622 674 0.04147 1
3623 675 0.02389 1
3624 676 0.05407 1
3625 678 0.04923 1
3626 679 0.03960 1
3627 680 0.03500 1
3628 681 0.03529 1
3629 682 0.03367 1
3630 683 0.06041 1
3631 684 0.07339 1
3632 686 0.05568 1
3633 687 0.02164 1
3634 688 0.01902 1
3635 689 0.05005 1
3636 690 0.05425 1
3637 692 0.05593 1
3638 693 0.02177 1
3639 694 0.02302 1
3640 695 0.01891 1
3641 696 0.03366 1
3642 697 0.04491 1
3643 698 0.05271 1
3644 700 0.03786 1
3645 701 0.03738 1
3646 702 0.02690 1
3647 703 0.02990 1
3648 704 0.04678 1
3649 706 0.08673 1
3650 707 0.04243 1
3651 708 0.03561 1
3652 709 0.03617 1
3653 710 0.05315 1
3654 711 0.05500 1
3655 712 0.07392 1
3656 714 0.05099 1
3657 715 0.03661 1
3658 716 0.04434 1
3659 718 0.07319 1
3660 719 0.05616 1
3661 720 0.06403 1
3662 721 0.06818 1
3663 722 0.09892 1
3664 724 0.08435 1
3665 725 0.11074 1
3666 728 0.12536 1
3667 729 0.10733 1
3668 730 0.12338 1
3669 730 0.10939 1
3670 731 0.15205 1
3671 734 0.17246 1
3672 732 0.18103 1
3673 735 0.17032 1
3674 737 0.21088 1
3675 738 0.20035 1
3676 737 0.20359 1
3677 740 0.21260 1
3678 739 0.20866 1
3679 739 0.19897 1
3680 742 0.20086 1
3681 743 0.20173 1
3682 743 0.19644 1
3683 744 0.20536 1
3684 745 0.22060 1
3685 746 0.21501 1
3686 746 0.22359 1
3687 747 0.20981 1
3688 748 0.19264 1
3689 749 0.20650 1
3690 749 0.19168 1
3691 750 0.17502 1
3692 752 0.14696 1
3693 753 0.17198 1
3694 754 0.15330 1
3695 755 0.15483 1
3696 756 0.16079 1
3697 757 0.17978 1
3698 757 0.13298 1
3699 758 0.14338 1
3700 758 0.18740 1
3701 761 0.19376 1
3702 762 0.19735 1
3703 763 0.17871 1
3704 764 0.17863 1
3705 765 0.14753 1
3706 766 0.16953 1
3707 767 0.16253 1
3708 769 0.14974 1
3709 770 0.14228 1
3710 771 0.15014 1
3711 772 0.12940 1
3712 773 0.11758 1
3713 774 0.10387 1
3714 775 0.09154 1
3715 776 0.06052 1
3716 777 0.09111 1
3717 779 0.09540 1
3718 780 0.07953 1
3719 781 0.07693 1
3720 782 0.08191 1
3721 783 0.07401 1
3722 784 0.07276 1
3723 785 0.06921 1
3724 786 0.05490 1
3725 788 0.05506 1
3726 789 0.03445 1
3727 790 0.01823 1
3728 791 0.04140 1
3729 792 0.04086 1
3730 793 0.05373 1
3731 795 0.06307 1
3732 796 0.06183 1
3733 797 0.04421 1
3734 798 0.04512 1
3735 799 0.08345 1
3736 800 0.08899 1
3737 802 0.04956 1
3738 803 0.07600 1
3739 804 0.09416 1
3740 806 0.09327 1
3741 807 0.09218 1
3742 808 0.05816 1
3743 809 0.06564 1
3744 810 0.07160 1
3745 812 0.09256 1
3746 813 0.07295 1
3747 814 0.06965 1
3748 815 0.09644 1
3749 816 0.09106 1
3750 818 0.09721 1
3751 819 0.10572 1
3752 820 0.09493 1
3753 821 0.10207 1
3754 822 0.08197 1
3755 823 0.06894 1
3756 825 0.06821 1
3757 826 0.06548 1
3758 827 0.08041 1
3759 828 0.07651 1
3760 830 0.06491 1
3761 831 0.04672 1
3762 833 0.05360 1
3763 834 0.03238 1
3764 835 0.05778 1
3765 837 0.02678 1
3766 838 0.05610 1
3767 840 0.03543 1
3768 841 0.02804 1
3769 843 0.02603 1
3770 844 0.03009 1
3771 846 0.03800 1
3772 847 0.04480 1
3773 849 0.03865 1
3774 850 0.01455 1
3775 852 0.05976 1
3776 853 0.02919 1
3777 854 0.04005 1
3778 856 0.04856 1
3779 857 0.04351 1
3780 858 0.05790 1
3781 860 0.06254 1
3782 861 0.04804 1
3783 862 0.06260 1
3784 864 0.07911 1
3785 865 0.04866 1
3786 866 0.06874 1
3787 868 0.07625 1
3788 869 0.05048 1
3789 870 0.02386 1
3790 871 0.04229 1
3791 872 0.05217 1
3792 874 0.07714 1
3793 875 0.05563 1
3794 876 0.03177 1
3795 877 0.03927 1
3796 879 0.10720 1
3797 880 0.08318 1
3798 881 0.05850 1
3799 882 0.02039 1
3800 883 0.05802 1
3801 884 0.08465 1
3802 886 0.07458 1
3803 887 0.05688 1
3804 888 0.04953 1
3805 889 0.04561 1
3806 890 0.06016 1
3807 892 0.08928 1
3808 893 0.09354 1
3809 894 0.07919 1
3810 895 0.05424 1
3811 896 0.07795 1
3812 897 0.10231 1
3813 899 0.09520 1
3814 900 0.05499 1
3815 901 0.03612 1
3816 902 0.06939 1
3817 903 0.11177 1
3818 904 0.11209 1
3819 906 0.07287 1
3820 907 0.03734 1
3821 908 0.04794 1
3822 909 0.10014 1
3823 911 0.08651 1
3824 912 0.08016 1
3825 913 0.05563 1
3826 914 0.06290 1
3827 915 0.08179 1
3828 917 0.09703 1
3829 918 0.07769 1
3830 919 0.10345 1
3831 921 0.09339 1
3832 922 0.10711 1
3833 923 0.10940 1
3834 924 0.11825 1
3835 926 0.12424 1
3836 927 0.11033 1
3837 929 0.10868 1
3838 931 0.15023 1
3839 932 0.10924 1
3840 934 0.11229 1
3841 935 0.10420 1
3842 937 0.09222 1
3843 940 0.12181 1
3844 941 0.07165 1
3845 944 0.12612 1
3846 946 0.13313 1
3847 946 0.13959 1
3848 949 0.17761 1
3849 951 0.25841 1
3850 953 0.38030 1
3851 3394 0.39346 0
3852 3331 0.41167 0
3853 3394 0.42465 0
3854 2382 0.40039 0
3855 2882 0.49436 0
3856 377 0.44206 0
3857 2621 0.36940 0
3858 620 0.41037 0
3859 633 0.45694 0
3860 2889 0.37674 0
3861 2890 0.36381 0
3862 2511 0.38042 0
3863 1003 0.34077 0
3864 1003 0.31964 0
3865 1003 0.28102 0
3866 1004 0.28750 0
3867 1004 0.29675 0
3868 1001 0.35938 0
3869 2387 0.39525 0
3870 2529 0.35275 0
3871 1477 0.33241 0
3872 1879 0.36066 0
3873 1877 0.36898 0
3874 2057 0.36077 0
3875 2059 0.35623 0
3876 2031 0.34652 0
3877 704 0.37889 0
3878 702 0.36261 0
3879 2575 0.37562 0
3880 2062 0.36712 0
3881 1004 0.35999 0
3882 2070 0.34468 0
3883 2389 0.38272 0
3884 2389 0.39221 0
3885 2070 0.31708 0
3886 2070 0.31472 0
3887 2070 0.29353 0
3888 2158 0.32563 0
3889 2195 0.30844 0
3890 1675 0.39332 0
3891 1891 0.36669 0
3892 1865 0.35726 0
3893 2080 0.33403 0
3894 2080 0.32983 0
3895 2080 0.34146 0
3896 2395 0.36555 0
3897 2199 0.35501 0
3898 170 0.37336 0
3899 2186 0.34192 0
3900 2186 0.34182 0
3901 1868 0.34477 0
3902 1867 0.34872 0
3903 1795 0.36777 0
3904 1742 0.35476 0
3905 975 0.33707 0
3906 1742 0.33318 0
3907 1772 0.32633 0
3908 1772 0.31966 0
3909 978 0.33372 0
3910 3350 0.31403 0
3911 978 0.31419 0
3912 978 0.31473 0
3913 975 0.34953 0
3914 978 0.29368 0
3915 975 0.33485 0
3916 978 0.33244 0
3917 975 0.33853 0
3918 2406 0.36163 0
3919 3357 0.35792 0
3920 2413 0.33512 0
3921 2419 0.39791 0
3922 2419 0.38550 0
3923 3364 0.36625 0
3924 2419 0.37681 0
3925 3359 0.34407 0
3926 3359 0.34426 0
3927 3364 0.36246 0
3928 3364 0.33946 0
3929 3364 0.31329 0
3930 223 0.43762 0
3931 2889 0.41344 0
3932 937 0.45889 0
3933 2889 0.40440 0
3934 2887 0.39806 0
3935 2422 0.30486 0
3936 2422 0.29919 0
3937 2422 0.30352 0
3938 2422 0.30498 0
3939 2422 0.29579 0
3940 2422 0.31759 0
3941 2422 0.31474 0
3942 2422 0.30805 0
3943 2422 0.32324 0
3944 3367 0.33269 0
3945 2422 0.33083 0
3946 3367 0.36673 0
3947 3367 0.37088 0
3948 2424 0.30239 0
3949 2430 0.32864 0
3950 210 0.38913 0
3951 2430 0.30706 0
3952 3375 0.32406 0
3953 2430 0.29488 0
3954 2429 0.31339 0
3955 3381 0.31445 0
3956 3376 0.32500 0
3957 3381 0.32453 0
3958 3381 0.33432 0
3959 3381 0.33962 0
3960 2703 0.37895 0
3961 264 0.42310 0
3962 1511 0.42254 0
3963 264 0.40261 0
3964 1511 0.40633 0
3965 984 0.41832 0
3966 2173 0.36960 0
3967 1426 0.41840 0
3968 1004 0.41237 0
3969 983 0.39025 0
3970 983 0.37455 0
3971 74 0.37509 0
3972 368 0.34553 0
3973 368 0.34090 0
3974 605 0.35139 0
3975 3569 0.38150 0
3976 3569 0.36479 0
3977 3569 0.35659 0
3978 611 0.35863 0
3979 3570 0.34873 0
3980 2682 0.34225 0
3981 2682 0.33183 0
3982 2682 0.34487 0
3983 2677 0.36644 0
3984 2677 0.35593 0
3985 776 0.35490 0
3986 776 0.34931 0
3987 776 0.34651 0
3988 776 0.36861 0
3989 3055 0.36841 0
3990 3055 0.35201 0
3991 3058 0.37359 0
3992 3058 0.37018 0
3993 251 0.32914 0
3994 3068 0.32917 0
3995 3040 0.33824 0
3996 3042 0.33104 0
3997 3038 0.32394 0
3998 3045 0.31822 0
3999 777 0.35649 0
4000 777 0.37339 0
4001 3058 0.34626 0
4002 2555 0.33686 0
4003 776 0.39105 0
4004 775 0.39902 0
4005 775 0.40088 0
4006 775 0.40831 0
4007 775 0.42501 0
4008 2555 0.41148 0
4009 2554 0.43518 0
4010 639 0.34869 0
4011 3636 0.33146 0
4012 3611 0.33681 0
4013 3611 0.34671 0
4014 2555 0.35724 0
4015 2555 0.35541 0
4016 254 0.34795 0
4017 251 0.34252 0
4018 255 0.32025 0
4019 255 0.31960 0
4020 254 0.34392 0
4021 253 0.36899 0
4022 775 0.40626 0
4023 3611 0.33572 0
4024 3611 0.33150 0
4025 258 0.42319 0
4026 247 0.36672 0
4027 248 0.38129 0
4028 254 0.37840 0
4029 255 0.35239 0
4030 254 0.36462 0
4031 255 0.34057 0
4032 254 0.34499 0
4033 254 0.35374 0
4034 2675 0.35861 0
4035 637 0.34884 0
4036 639 0.33032 0
4037 639 0.34546 0
4038 639 0.35628 0
4039 3594 0.34357 0
4040 638 0.35480 0
4041 638 0.36945 0
4042 279 0.35099 0
4043 3611 0.31153 0
4044 279 0.36373 0
4045 279 0.37688 0
4046 279 0.38303 0
4047 3611 0.30389 0
4048 253 0.30225 0
4049 251 0.32273 0
4050 249 0.32276 0
4051 249 0.31415 0
4052 249 0.33137 0
4053 249 0.32668 0
4054 249 0.32509 0
4055 3715 0.37879 0
4056 3714 0.38039 0
4057 775 0.38148 0
4058 3715 0.36029 0
4059 3714 0.34454 0
4060 3714 0.36666 0
4061 776 0.36734 0
4062 251 0.31981 0
4063 777 0.36578 0
4064 2553 0.37262 0
4065 250 0.32928 0
4066 2554 0.36462 0
4067 250 0.33768 0
4068 249 0.32947 0
4069 247 0.33674 0
4070 3627 0.34624 0
4071 2554 0.43952 0
4072 2554 0.41268 0
4073 255 0.38998 0
4074 255 0.39162 0
4075 2537 0.35628 0
4076 291 0.37993 0
4077 2535 0.34819 0
4078 2535 0.35376 0
4079 2536 0.36281 0
4080 253 0.37291 0
4081 2535 0.37540 0
4082 2536 0.37313 0
4083 253 0.38132 0
4084 2535 0.38661 0
4085 2555 0.38497 0
4086 2555 0.39030 0
4087 248 0.38592 0
4088 247 0.37803 0
4089 247 0.38716 0
4090 247 0.38235 0
4091 254 0.39884 0
4092 3716 0.43801 0
4093 289 0.41481 0
4094 292 0.41052 0
4095 1990 0.34429 0
4096 3620 0.36066 0
4097 692 0.35155 0
4098 288 0.37091 0
4099 692 0.34556 0
4100 3611 0.35584 0
4101 3611 0.36129 0
4102 3611 0.36711 0
4103 255 0.38071 0
4104 2535 0.37571 0
4105 3615 0.35513 0
4106 662 0.33395 0
4107 2534 0.41176 0
4108 2532 0.40839 0
4109 254 0.39643 0
4110 253 0.40288 0
4111 255 0.39365 0
4112 257 0.42523 0
4113 257 0.41837 0
4114 256 0.40483 0
4115 776 0.41618 0
4116 776 0.41408 0
4117 2535 0.39683 0
4118 2145 0.35504 0
4119 3714 0.38692 0
4120 2675 0.34967 0
4121 2675 0.37171 0
4122 2675 0.34713 0
4123 3714 0.39888 0
4124 2554 0.40531 0
4125 639 0.33971 0
4126 2533 0.37399 0
4127 2532 0.43443 0
4128 1990 0.29996 0
4129 645 0.33939 0
4130 3617 0.35968 0
4131 637 0.40465 0
4132 1980 0.34731 0
4133 692 0.37640 0
4134 637 0.43085 0
4135 637 0.41943 0
4136 636 0.41932 0
4137 3206 0.35329 0
4138 692 0.35750 0
4139 692 0.35652 0
4140 638 0.34520 0
4141 637 0.36692 0
4142 638 0.33686 0
4143 3592 0.32146 0
4144 2554 0.37819 0
4145 3714 0.37765 0
4146 777 0.38204 0
4147 776 0.38134 0
4148 247 0.35588 0
4149 247 0.34521 0
4150 247 0.35537 0
4151 247 0.35530 0
4152 243 0.35278 0
4153 247 0.35883 0
4154 247 0.38762 0
4155 2729 0.35702 0
4156 2727 0.40193 0
4157 255 0.34427 0
4158 255 0.33535 0
4159 1990 0.33921 0
4160 253 0.38307 0
4161 2531 0.42219 0
4162 291 0.40017 0
4163 291 0.39301 0
4164 2530 0.43062 0
4165 1990 0.34919 0
4166 1990 0.33885 0
4167 257 0.38375 0
4168 255 0.35224 0
4169 255 0.35097 0
4170 249 0.33969 0
4171 249 0.32105 0
4172 249 0.33198 0
4173 249 0.33054 0
4174 645 0.27224 0
4175 645 0.27222 0
4176 645 0.26902 0
4177 249 0.34705 0
4178 251 0.31560 0
4179 247 0.32273 0
4180 777 0.34034 0
4181 777 0.33879 0
4182 777 0.34163 0
4183 776 0.33661 0
4184 776 0.32455 0
4185 776 0.34788 0
4186 2553 0.34128 0
4187 249 0.31839 0
4188 249 0.33494 0
4189 655 0.31414 0
4190 249 0.32114 0
4191 655 0.34311 0
4192 249 0.34088 0
4193 347 0.39925 0
4194 692 0.26779 0
4195 692 0.28239 0
4196 3611 0.28655 0
4197 692 0.28424 0
4198 692 0.29286 0
4199 1991 0.30734 0
4200 1991 0.27995 0
4201 2535 0.31627 0
4202 2535 0.32186 0
4203 2535 0.36455 0
4204 692 0.25333 0
4205 254 0.35274 0
4206 254 0.37018 0
4207 3620 0.27986 0
4208 254 0.36834 0
4209 3620 0.26199 0
4210 3620 0.27650 0
4211 3086 0.39785 0
4212 70 0.33683 0
4213 343 0.37667 0
4214 882 0.33501 0
4215 256 0.30685 0
4216 255 0.29190 0
4217 3716 0.33062 0
4218 2648 0.30029 0
4219 3716 0.30743 0
4220 777 0.31508 0
4221 253 0.30659 0
4222 1860 0.35390 0
4223 2653 0.31224 0
4224 2653 0.30016 0
4225 2651 0.29741 0
4226 2651 0.28503 0
4227 2554 0.33977 0
4228 1859 0.32629 0
4229 3057 0.34970 0
4230 3617 0.25446 0
4231 671 0.26611 0
4232 3620 0.24865 0
4233 3620 0.24029 0
4234 3629 0.25768 0
4235 3628 0.22901 0
4236 642 0.23626 0
4237 676 0.23992 0
4238 645 0.25537 0
4239 777 0.35245 0
4240 3570 0.28084 0
4241 3080 0.36730 0
4242 2632 0.29849 0
4243 2630 0.33797 0
4244 2630 0.33626 0
4245 249 0.33312 0
4246 2554 0.30788 0
4247 645 0.28197 0
4248 644 0.25147 0
4249 646 0.25565 0
4250 646 0.26948 0
4251 648 0.29222 0
4252 51 0.29345 0
4253 3617 0.27223 0
4254 3604 0.29548 0
4255 661 0.29929 0
4256 3611 0.29935 0
4257 636 0.31791 0
4258 3614 0.27024 0
4259 253 0.35507 0
4260 3611 0.26186 0
4261 3611 0.25331 0
4262 655 0.29411 0
4263 70 0.28316 0
4264 71 0.30335 0
4265 71 0.29428 0
4266 78 0.26849 0
4267 78 0.28384 0
4268 79 0.29648 0
4269 3572 0.28870 0
4270 3572 0.28643 0
4271 3572 0.32451 0
4272 615 0.33535 0
4273 615 0.34008 0
4274 88 0.35748 0
4275 615 0.36457 0
4276 1981 0.35893 0
4277 616 0.38556 0
4278 1981 0.36663 0
4279 44 0.36974 0
4280 636 0.37718 0
4281 692 0.34526 0
4282 692 0.33698 0
4283 636 0.34903 0
4284 1985 0.38600 0
4285 1980 0.37644 0
4286 1980 0.36920 0
4287 636 0.33345 0
4288 3980 0.29056 0
4289 3979 0.24650 0
4290 3981 0.23326 0
4291 2673 0.33416 0
4292 3990 0.27249 0
4293 3990 0.26221 0
4294 3987 0.24253 0
4295 3990 0.24599 0
4296 3987 0.21880 0
4297 3985 0.22994 0
4298 3985 0.22324 0
4299 3985 0.22988 0
4300 2554 0.28434 0
4301 2554 0.27814 0
4302 3992 0.27343 0
4303 3990 0.26544 0
4304 3611 0.27251 0
4305 2927 0.31895 0
4306 3175 0.31789 0
4307 3617 0.29498 0
4308 3614 0.30790 0
4309 3617 0.31220 0
4310 656 0.30440 0
4311 656 0.30406 0
4312 3617 0.30100 0
4313 3611 0.27570 0
4314 3611 0.24307 0
4315 256 0.34217 0
4316 3618 0.26924 0
4317 3617 0.26086 0
4318 645 0.25335 0
4319 645 0.23288 0
4320 645 0.21412 0
4321 645 0.19188 0
4322 646 0.18489 0
4323 3600 0.21168 0
4324 3043 0.27924 0
4325 648 0.21115 0
4326 676 0.22717 0
4327 655 0.23916 0
4328 3605 0.22769 0
4329 655 0.21124 0
4330 2655 0.27309 0
4331 2655 0.28903 0
4332 2655 0.30210 0
4333 2654 0.26862 0
4334 334 0.30372 0
4335 3611 0.21195 0
4336 3611 0.23877 0
4337 3614 0.25067 0
4338 3991 0.26955 0
4339 3611 0.26671 0
4340 668 0.27585 0
4341 3608 0.27147 0
4342 3611 0.28438 0
4343 655 0.29333 0
4344 3604 0.30285 0
4345 4017 0.27794 0
4346 4017 0.27467 0
4347 4017 0.28417 0
4348 4020 0.26618 0
4349 4009 0.28566 0
4350 4031 0.29673 0
4351 4032 0.29491 0
4352 247 0.31211 0
4353 248 0.32720 0
4354 4012 0.28921 0
4355 3988 0.29512 0
4356 3990 0.29369 0
4357 2553 0.31420 0
4358 3630 0.30858 0
4359 2553 0.30557 0
4360 2554 0.29173 0
4361 3985 0.26034 0
4362 3980 0.31191 0
4363 2626 0.36241 0
4364 279 0.34059 0
4365 611 0.34852 0
4366 3979 0.37554 0
4367 474 0.34279 0
4368 3475 0.30850 0
4369 1003 0.37750 0
4370 365 0.38817 0
4371 1335 0.36792 0
4372 2389 0.38832 0
4373 1335 0.38543 0
4374 1041 0.42473 0
4375 1635 0.34406 0
4376 3109 0.44931 0
4377 3107 0.39066 0
4378 3107 0.38971 0
4379 3108 0.38347 0
4380 3110 0.38555 0
4381 3110 0.37024 0
4382 3110 0.38139 0
4383 2877 0.39352 0
4384 3112 0.39579 0
4385 2877 0.40962 0
4386 3096 0.40738 0
4387 2432 0.45888 0
4388 3096 0.42737 0
4389 3146 0.51055 0
4390 2882 0.50465 0
4391 469 0.43925 0
4392 415 0.47204 0
4393 415 0.48153 0
4394 964 0.41227 0
4395 966 0.40612 0
4396 2447 0.45248 0
4397 3400 0.44583 0
4398 400 0.47169 0
4399 3400 0.44584 0
4400 2454 0.44464 0
4401 3299 0.44214 0
4402 433 0.47809 0
4403 3299 0.44990 0
4404 3299 0.44789 0
4405 435 0.49596 0
4406 3299 0.44260 0
4407 433 0.46428 0
4408 3317 0.46251 0
4409 3435 0.46171 0
4410 3299 0.46436 0
4411 1107 0.47933 0
4412 2359 0.45493 0
4413 3438 0.46473 0
4414 3438 0.46802 0
4415 3438 0.47049 0
4416 3438 0.48070 0
4417 3429 0.48830 0
4418 3429 0.48653 0
4419 3429 0.48960 0
4420 3269 0.47737 0
4421 3428 0.48756 0
4422 3429 0.49342 0
4423 3429 0.50102 0
4424 3429 0.50721 0
4425 3432 0.50331 0
4426 3429 0.48976 0
4427 3432 0.51937 0
4428 2982 0.49224 0
4429 2982 0.49209 0
4430 3429 0.48991 0
4431 2982 0.50137 0
4432 3429 0.48748 0
4433 2982 0.49207 0
4434 3435 0.50570 0
4435 3435 0.50860 0
4436 2985 0.45231 0
4437 2984 0.46399 0
4438 2986 0.48642 0
4439 2985 0.43166 0
4440 2984 0.45692 0
4441 2985 0.43773 0
4442 741 0.48692 0
4443 741 0.48561 0
4444 1 0.29121 1
4445 1 0.24338 1
4446 1 0.20351 1
4447 1 0.19326 1
4448 1 0.12164 1
4449 1 0.11174 1
4450 1 0.09546 1
4451 2 0.04925 1
4452 3 0.10850 1
4453 3 0.13124 1
4454 5 0.06000 1
4455 6 0.06861 1
4456 7 0.10202 1
4457 8 0.11109 1
4458 9 0.13104 1
4459 9 0.08819 1
4460 10 0.09230 1
4461 11 0.08357 1
4462 12 0.08727 1
4463 13 0.09288 1
4464 14 0.07699 1
4465 15 0.09096 1
4466 17 0.10514 1
4467 17 0.09921 1
4468 18 0.11159 1
4469 19 0.09921 1
4470 20 0.09159 1
4471 22 0.07965 1
4472 23 0.09262 1
4473 24 0.12492 1
4474 25 0.09752 1
4475 26 0.09327 1
4476 27 0.08828 1
4477 28 0.08934 1
4478 29 0.12966 1
4479 30 0.12869 1
4480 32 0.10717 1
4481 32 0.10751 1
4482 34 0.12688 1
4483 35 0.11343 1
4484 36 0.11848 1
4485 37 0.08638 1
4486 38 0.07719 1
4487 39 0.08688 1
4488 40 0.05958 1
4489 41 0.09108 1
4490 42 0.10123 1
4491 43 0.08632 1
4492 45 0.09784 1
4493 46 0.07597 1
4494 47 0.07313 1
4495 48 0.06473 1
4496 49 0.06061 1
4497 50 0.07512 1
4498 51 0.08477 1
4499 53 0.11857 1
4500 54 0.10597 1
4501 55 0.07171 1
4502 56 0.07674 1
4503 57 0.07202 1
4504 58 0.09314 1
4505 59 0.07869 1
4506 61 0.04754 1
4507 62 0.04675 1
4508 63 0.05846 1
4509 64 0.07143 1
4510 66 0.07159 1
4511 67 0.04379 1
4512 68 0.05295 1
4513 70 0.05975 1
4514 71 0.05249 1
4515 72 0.06961 1
4516 74 0.04627 1
4517 75 0.06084 1
4518 77 0.05659 1
4519 78 0.06981 1
4520 80 0.07048 1
4521 82 0.08124 1
4522 83 0.08516 1
4523 85 0.09253 1
4524 88 0.09588 1
4525 89 0.08858 1
4526 92 0.06392 1
4527 93 0.06294 1
4528 97 0.10775 1
4529 98 0.06538 1
4530 101 0.07957 1
4531 103 0.11536 1
4532 108 0.15407 1
4533 108 0.23198 1
4534 2263 0.22478 0
4535 1560 0.27944 1
4536 1558 0.20564 1
4537 1556 0.10674 1
4538 1556 0.08490 1
4539 1554 0.16149 1
4540 1554 0.23494 1
4541 3589 0.25817 0
